1.853700000000000000e+04 5.340909090909090606e-01 1.201626960791283238e+02
1.853800000000000000e+04 5.454545454545454142e-01 1.216566110733632655e+02
1.853900000000000000e+04 5.568181818181817677e-01 1.233586392752447836e+02
1.854000000000000000e+04 5.681818181818182323e-01 1.245079434125383102e+02
1.854100000000000000e+04 5.795454545454545858e-01 1.258286250547216127e+02
1.854200000000000000e+04 5.909090909090909394e-01 1.277391223721758848e+02
1.854300000000000000e+04 6.022727272727272929e-01 1.293305054184598362e+02
1.854400000000000000e+04 6.136363636363636465e-01 1.314959845802159464e+02
1.854500000000000000e+04 6.250000000000000000e-01 1.329584824434622590e+02
1.854600000000000000e+04 6.363636363636363535e-01 1.349730543582868449e+02
1.854700000000000000e+04 6.477272727272727071e-01 1.361571573943440967e+02
1.854800000000000000e+04 6.590909090909090606e-01 1.388642591656116565e+02
1.854900000000000000e+04 6.704545454545454142e-01 1.412144506471722423e+02
1.855000000000000000e+04 6.818181818181817677e-01 1.431269882285023414e+02
1.855100000000000000e+04 6.931818181818182323e-01 1.445631288901368521e+02
1.855200000000000000e+04 7.045454545454545858e-01 1.465288857418354667e+02
1.855300000000000000e+04 7.159090909090909394e-01 1.474584555348042443e+02
1.855400000000000000e+04 7.272727272727272929e-01 1.481183797728801039e+02
1.855500000000000000e+04 7.386363636363636465e-01 1.498939078633365796e+02
1.855600000000000000e+04 7.500000000000000000e-01 1.513124282192003989e+02
1.855700000000000000e+04 7.613636363636363535e-01 1.530996047633616115e+02
1.855800000000000000e+04 7.727272727272727071e-01 1.549985781702317524e+02
1.855900000000000000e+04 7.840909090909090606e-01 1.573487696517923666e+02
1.856000000000000000e+04 7.954545454545454142e-01 1.583770692190391856e+02
1.856100000000000000e+04 8.068181818181817677e-01 1.596959702767383646e+02
1.856200000000000000e+04 8.181818181818182323e-01 1.617978741755881629e+02
1.856300000000000000e+04 8.295454545454545858e-01 1.638626986233318519e+02
1.856400000000000000e+04 8.409090909090909394e-01 1.651203949300768272e+02
1.856500000000000000e+04 8.522727272727272929e-01 1.663628521728019223e+02
1.856600000000000000e+04 8.636363636363636465e-01 1.677948437928891394e+02
1.856700000000000000e+04 8.750000000000000000e-01 1.697443565525293536e+02
1.856800000000000000e+04 8.863636363636363535e-01 1.710566827314955276e+02
1.856900000000000000e+04 8.977272727272727071e-01 1.722154320572774395e+02
1.857000000000000000e+04 9.090909090909090606e-01 1.737524421418247016e+02
1.857100000000000000e+04 9.204545454545454142e-01 1.765808685594641929e+02
1.857200000000000000e+04 9.318181818181817677e-01 1.786319174716067266e+02
1.857300000000000000e+04 9.431818181818182323e-01 1.809192084456631449e+02
1.857400000000000000e+04 9.545454545454545858e-01 1.827805251838890683e+02
1.857500000000000000e+04 9.659090909090909394e-01 1.842176055574242355e+02
1.857600000000000000e+04 9.772727272727272929e-01 1.866143324922251168e+02
1.857700000000000000e+04 9.886363636363636465e-01 1.885222633085808752e+02
1.857800000000000000e+04 2.500000000000000000e-01 1.907741292015683143e+02
1.857900000000000000e+04 5.000000000000000000e-01 1.924690038282000160e+02
1.858000000000000000e+04 7.500000000000000000e-01 1.944256846912944638e+02
1.858100000000000000e+04 3.846153846153846367e-02 1.955813663083499705e+02
1.858200000000000000e+04 7.692307692307692735e-02 1.983151731779001921e+02
1.858300000000000000e+04 1.153846153846153910e-01 2.004179808248332222e+02
1.858400000000000000e+04 1.538461538461538547e-01 2.015874678918844154e+02
1.858500000000000000e+04 1.923076923076923184e-01 2.031198516558287110e+02
1.858600000000000000e+04 2.307692307692307820e-01 2.039870886476596468e+02
1.858700000000000000e+04 2.692307692307692180e-01 2.064687211748481559e+02
1.858800000000000000e+04 3.076923076923077094e-01 2.080179790617088429e+02
1.858900000000000000e+04 3.461538461538461453e-01 2.094022117011159594e+02
1.859000000000000000e+04 3.846153846153846367e-01 2.109855309992993568e+02
1.859100000000000000e+04 4.230769230769230727e-01 2.134839304869713885e+02
1.859200000000000000e+04 4.615384615384615641e-01 2.147466656135913752e+02
1.859300000000000000e+04 5.000000000000000000e-01 2.173380744968052909e+02
1.859400000000000000e+04 5.384615384615384359e-01 2.187153544247792638e+02
1.859500000000000000e+04 5.769230769230768718e-01 2.202941197651639698e+02
1.859600000000000000e+04 6.153846153846154188e-01 2.221279409123863502e+02
1.859700000000000000e+04 6.538461538461538547e-01 2.236233004009375236e+02
1.859800000000000000e+04 6.923076923076922906e-01 2.249261434459740485e+02
1.859900000000000000e+04 7.307692307692307265e-01 2.267548315002905781e+02
1.860000000000000000e+04 7.692307692307692735e-01 2.283968120117461922e+02
1.860100000000000000e+04 8.076923076923077094e-01 2.299908320869020883e+02
1.860200000000000000e+04 8.461538461538461453e-01 2.329075597053128206e+02
1.860300000000000000e+04 8.846153846153845812e-01 2.355230137767887584e+02
1.860400000000000000e+04 9.230769230769231282e-01 2.377088317015025325e+02
1.860500000000000000e+04 9.615384615384615641e-01 2.390614957396140028e+02
1.860600000000000000e+04 4.545454545454545581e-02 2.406870725603149026e+02
1.860700000000000000e+04 9.090909090909091161e-02 2.426131566706278306e+02
1.860800000000000000e+04 1.363636363636363535e-01 2.435047283166552461e+02
1.860900000000000000e+04 1.818181818181818232e-01 2.458529191095849740e+02
1.861000000000000000e+04 2.272727272727272652e-01 2.472730951550103669e+02
1.861100000000000000e+04 2.727272727272727071e-01 2.481352436341019825e+02
1.861200000000000000e+04 3.181818181818181768e-01 2.501388403999208947e+02
1.861300000000000000e+04 3.636363636363636465e-01 2.529298975473114695e+02
1.861400000000000000e+04 4.090909090909091161e-01 2.549925414816831051e+02
1.861500000000000000e+04 4.545454545454545303e-01 2.566792542610264150e+02
1.861600000000000000e+04 5.000000000000000000e-01 2.579753252467367020e+02
1.861700000000000000e+04 5.454545454545454142e-01 2.595413392952049776e+02
1.861800000000000000e+04 5.909090909090909394e-01 2.605202162026861856e+02
1.861900000000000000e+04 6.363636363636363535e-01 2.616249333610575150e+02
1.862000000000000000e+04 6.818181818181817677e-01 2.628294664656254440e+02
1.862100000000000000e+04 7.272727272727272929e-01 2.639589353673664505e+02
1.862200000000000000e+04 7.727272727272727071e-01 2.654894581538678722e+02
1.862300000000000000e+04 8.181818181818182323e-01 2.667578823731257671e+02
1.862400000000000000e+04 8.636363636363636465e-01 2.673438857860851385e+02
1.862500000000000000e+04 9.090909090909090606e-01 2.687720314369204857e+02
1.862600000000000000e+04 9.545454545454545858e-01 2.692404329740656976e+02
1.862700000000000000e+04 5.555555555555555247e-02 2.699264358895114242e+02
1.862800000000000000e+04 1.111111111111111049e-01 2.707982730302665004e+02
1.862900000000000000e+04 1.666666666666666574e-01 2.719767890462798619e+02
1.863000000000000000e+04 2.222222222222222099e-01 2.730570205029594035e+02
1.863100000000000000e+04 2.777777777777777901e-01 2.744070205029593694e+02
1.863200000000000000e+04 3.333333333333333148e-01 2.752373216531452726e+02
1.863300000000000000e+04 3.888888888888888951e-01 2.761606309187762349e+02
1.863400000000000000e+04 4.444444444444444198e-01 2.769959153014867184e+02
1.863500000000000000e+04 5.000000000000000000e-01 2.778557408651913647e+02
1.863600000000000000e+04 5.555555555555555802e-01 2.786165956476564816e+02
1.863700000000000000e+04 6.111111111111111605e-01 2.793586199060200101e+02
1.863800000000000000e+04 6.666666666666666297e-01 2.801051451902535518e+02
1.863900000000000000e+04 7.222222222222222099e-01 2.806911486032128664e+02
1.864000000000000000e+04 7.777777777777777901e-01 2.816387772224514379e+02
1.864100000000000000e+04 8.333333333333333703e-01 2.824505653721554950e+02
1.864200000000000000e+04 8.888888888888888395e-01 2.833660433893683717e+02
1.864300000000000000e+04 9.444444444444444198e-01 2.842091922492976437e+02
1.864400000000000000e+04 2.000000000000000111e-01 2.699504329740656772e+02
1.864500000000000000e+04 4.000000000000000222e-01 2.704692778449086177e+02
1.864600000000000000e+04 5.999999999999999778e-01 2.709392778449086450e+02
1.864700000000000000e+04 8.000000000000000444e-01 2.713092778449086495e+02
1.864800000000000000e+04 1.250000000000000000e-01 2.401644463278091166e+02
1.864900000000000000e+04 2.500000000000000000e-01 2.408903251055675128e+02
1.865000000000000000e+04 3.750000000000000000e-01 2.418303251055675105e+02
1.865100000000000000e+04 5.000000000000000000e-01 2.423805068937066665e+02
1.865200000000000000e+04 6.250000000000000000e-01 2.435656229217815678e+02
1.865300000000000000e+04 7.500000000000000000e-01 2.445120372073880333e+02
1.865400000000000000e+04 8.750000000000000000e-01 2.458592565659187699e+02
1.865500000000000000e+04 6.250000000000000000e-02 2.465738193693167659e+02
1.865600000000000000e+04 1.250000000000000000e-01 2.476435856989420756e+02
1.865700000000000000e+04 1.875000000000000000e-01 2.492916451638886599e+02
1.865800000000000000e+04 2.500000000000000000e-01 2.502435380150016329e+02
1.865900000000000000e+04 3.125000000000000000e-01 2.512905337169985387e+02
1.866000000000000000e+04 3.750000000000000000e-01 2.519259076226635443e+02
1.866100000000000000e+04 4.375000000000000000e-01 2.528461249882897448e+02
1.866200000000000000e+04 5.000000000000000000e-01 2.535924493145715246e+02
1.866300000000000000e+04 5.625000000000000000e-01 2.544439186328678488e+02
1.866400000000000000e+04 6.250000000000000000e-01 2.551541298690504505e+02
1.866500000000000000e+04 6.875000000000000000e-01 2.557687842434756362e+02
1.866600000000000000e+04 7.500000000000000000e-01 2.567829834349562930e+02
1.866700000000000000e+04 8.125000000000000000e-01 2.575598360593323832e+02
1.866800000000000000e+04 8.750000000000000000e-01 2.584875213507971239e+02
1.866900000000000000e+04 9.375000000000000000e-01 2.594106681430246795e+02
1.867000000000000000e+04 2.000000000000000111e-01 2.474923211696623184e+02
1.867100000000000000e+04 4.000000000000000222e-01 2.480951478445863643e+02
1.867200000000000000e+04 5.999999999999999778e-01 2.487847129249087459e+02
1.867300000000000000e+04 8.000000000000000444e-01 2.501936132052692869e+02
1.867400000000000000e+04 5.000000000000000000e-01 1.961605622085849348e+02
1.867500000000000000e+04 4.761904761904761640e-02 1.904352191366124600e+02
1.867600000000000000e+04 9.523809523809523281e-02 1.918073342921296671e+02
1.867700000000000000e+04 1.428571428571428492e-01 1.938432615992799128e+02
1.867800000000000000e+04 1.904761904761904656e-01 1.950789800138064720e+02
1.867900000000000000e+04 2.380952380952380820e-01 1.960162633220969894e+02
1.868000000000000000e+04 2.857142857142856984e-01 1.971791476671631642e+02
1.868100000000000000e+04 3.333333333333333148e-01 1.986168541740692319e+02
1.868200000000000000e+04 3.809523809523809312e-01 2.003051077095312564e+02
1.868300000000000000e+04 4.285714285714285476e-01 2.016617579960826561e+02
1.868400000000000000e+04 4.761904761904761640e-01 2.040458720873123468e+02
1.868500000000000000e+04 5.238095238095238360e-01 2.055752183528781245e+02
1.868600000000000000e+04 5.714285714285713969e-01 2.077535204439573135e+02
1.868700000000000000e+04 6.190476190476190688e-01 2.095544924037612304e+02
1.868800000000000000e+04 6.666666666666666297e-01 2.107303325289483382e+02
1.868900000000000000e+04 7.142857142857143016e-01 2.125584736613558050e+02
1.869000000000000000e+04 7.619047619047618625e-01 2.137818297011087338e+02
1.869100000000000000e+04 8.095238095238095344e-01 2.151555108868283241e+02
1.869200000000000000e+04 8.571428571428570953e-01 2.167282155634920855e+02
1.869300000000000000e+04 9.047619047619047672e-01 2.182456476048039917e+02
1.869400000000000000e+04 9.523809523809523281e-01 2.201140693987252632e+02
1.869500000000000000e+04 1.428571428571428492e-01 2.210354270925662661e+02
1.869600000000000000e+04 2.857142857142856984e-01 2.224521839524402367e+02
1.869700000000000000e+04 4.285714285714285476e-01 2.238965523265055424e+02
1.869800000000000000e+04 5.714285714285713969e-01 2.255284224193744649e+02
1.869900000000000000e+04 7.142857142857143016e-01 2.270133466598662153e+02
1.870000000000000000e+04 8.571428571428570953e-01 2.278065049038503673e+02
1.870100000000000000e+04 2.941176470588235253e-02 2.288669293471748460e+02
1.870200000000000000e+04 5.882352941176470507e-02 2.297103153797838786e+02
1.870300000000000000e+04 8.823529411764706454e-02 2.308964013800384976e+02
1.870400000000000000e+04 1.176470588235294101e-01 2.319457821498261012e+02
1.870500000000000000e+04 1.470588235294117696e-01 2.331394320147362578e+02
1.870600000000000000e+04 1.764705882352941291e-01 2.344546126107001669e+02
1.870700000000000000e+04 2.058823529411764608e-01 2.356326194018520539e+02
1.870800000000000000e+04 2.352941176470588203e-01 2.368579356875513611e+02
1.870900000000000000e+04 2.647058823529411797e-01 2.382769494295567085e+02
1.871000000000000000e+04 2.941176470588235392e-01 2.392075406394872630e+02
1.871100000000000000e+04 3.235294117647058987e-01 2.397237770194528821e+02
1.871200000000000000e+04 3.529411764705882582e-01 2.402064777548987706e+02
1.871300000000000000e+04 3.823529411764705621e-01 2.414809972722071620e+02
1.871400000000000000e+04 4.117647058823529216e-01 2.427527283758607268e+02
1.871500000000000000e+04 4.411764705882352811e-01 2.443303848657215553e+02
1.871600000000000000e+04 4.705882352941176405e-01 2.455259182195013921e+02
1.871700000000000000e+04 5.000000000000000000e-01 2.466947210257950758e+02
1.871800000000000000e+04 5.294117647058823595e-01 2.476180302914260380e+02
1.871900000000000000e+04 5.588235294117647189e-01 2.483823600631868658e+02
1.872000000000000000e+04 5.882352941176470784e-01 2.490761900135349265e+02
1.872100000000000000e+04 6.176470588235294379e-01 2.501318888342219680e+02
1.872200000000000000e+04 6.470588235294117974e-01 2.511349341971044282e+02
1.872300000000000000e+04 6.764705882352941568e-01 2.520749341971044259e+02
1.872400000000000000e+04 7.058823529411765163e-01 2.530400248664199978e+02
1.872500000000000000e+04 7.352941176470588758e-01 2.538097650823370373e+02
1.872600000000000000e+04 7.647058823529411242e-01 2.545878396288941303e+02
1.872700000000000000e+04 7.941176470588234837e-01 2.556725054760563012e+02
1.872800000000000000e+04 8.235294117647058432e-01 2.565352337067291728e+02
1.872900000000000000e+04 8.529411764705882026e-01 2.574748612925311591e+02
1.873000000000000000e+04 8.823529411764705621e-01 2.586879977234407306e+02
1.873100000000000000e+04 9.117647058823529216e-01 2.596557270244335314e+02
1.873200000000000000e+04 9.411764705882352811e-01 2.608199005510179518e+02
1.873300000000000000e+04 9.705882352941176405e-01 2.630701005421298646e+02
1.873400000000000000e+04 3.333333333333333148e-01 2.288162573487595068e+02
1.873500000000000000e+04 6.666666666666666297e-01 2.291862573487595114e+02
1.873600000000000000e+04 2.500000000000000139e-02 2.209375983903217957e+02
1.873700000000000000e+04 5.000000000000000278e-02 2.221408440011594223e+02
1.873800000000000000e+04 7.499999999999999722e-02 2.235693047111546150e+02
1.873900000000000000e+04 1.000000000000000056e-01 2.245421356317158370e+02
1.874000000000000000e+04 1.250000000000000000e-01 2.258321356317158290e+02
1.874100000000000000e+04 1.499999999999999944e-01 2.289393047613256158e+02
1.874200000000000000e+04 1.749999999999999889e-01 2.299806980587881924e+02
1.874300000000000000e+04 2.000000000000000111e-01 2.309777436946544640e+02
1.874400000000000000e+04 2.250000000000000056e-01 2.326914822978258996e+02
1.874500000000000000e+04 2.500000000000000000e-01 2.346103361223784702e+02
1.874600000000000000e+04 2.750000000000000222e-01 2.367431277202614126e+02
1.874700000000000000e+04 2.999999999999999889e-01 2.375668388346698521e+02
1.874800000000000000e+04 3.250000000000000111e-01 2.392320715511392564e+02
1.874900000000000000e+04 3.499999999999999778e-01 2.404283992654383155e+02
1.875000000000000000e+04 3.750000000000000000e-01 2.411038250570690309e+02
1.875100000000000000e+04 4.000000000000000222e-01 2.424794340131317654e+02
1.875200000000000000e+04 4.249999999999999889e-01 2.436955754522744257e+02
1.875300000000000000e+04 4.500000000000000111e-01 2.449276062960441607e+02
1.875400000000000000e+04 4.749999999999999778e-01 2.464825661025986676e+02
1.875500000000000000e+04 5.000000000000000000e-01 2.476752521467863346e+02
1.875600000000000000e+04 5.250000000000000222e-01 2.488925031480181929e+02
1.875700000000000000e+04 5.500000000000000444e-01 2.502417992608118027e+02
1.875800000000000000e+04 5.749999999999999556e-01 2.515094742980354567e+02
1.875900000000000000e+04 5.999999999999999778e-01 2.524549900303212837e+02
1.876000000000000000e+04 6.250000000000000000e-01 2.536771602312344100e+02
1.876100000000000000e+04 6.500000000000000222e-01 2.547572065265384538e+02
1.876200000000000000e+04 6.750000000000000444e-01 2.557602518894209140e+02
1.876300000000000000e+04 6.999999999999999556e-01 2.569197776545507850e+02
1.876400000000000000e+04 7.249999999999999778e-01 2.578674062737893564e+02
1.876500000000000000e+04 7.500000000000000000e-01 2.595236973110168037e+02
1.876600000000000000e+04 7.750000000000000222e-01 2.615422611569230753e+02
1.876700000000000000e+04 8.000000000000000444e-01 2.627222611569230821e+02
1.876800000000000000e+04 8.249999999999999556e-01 2.635939262302167094e+02
1.876900000000000000e+04 8.499999999999999778e-01 2.644581599948892290e+02
1.877000000000000000e+04 8.750000000000000000e-01 2.655193385849484002e+02
1.877100000000000000e+04 9.000000000000000222e-01 2.663591004559570479e+02
1.877200000000000000e+04 9.250000000000000444e-01 2.671000457980707665e+02
1.877300000000000000e+04 9.499999999999999556e-01 2.676860492110300811e+02
1.877400000000000000e+04 9.749999999999999778e-01 2.686091960032576367e+02
