1.731800000000000000e+04 6.385542168674698260e-01 1.237464153859048395e+02
1.731900000000000000e+04 6.506024096385542022e-01 1.258810113664126220e+02
1.732000000000000000e+04 6.626506024096385783e-01 1.283648390576987879e+02
1.732100000000000000e+04 6.746987951807228434e-01 1.300390254272526533e+02
1.732200000000000000e+04 6.867469879518072196e-01 1.313795104141137529e+02
1.732300000000000000e+04 6.987951807228915957e-01 1.333302282307135727e+02
1.732400000000000000e+04 7.108433734939758608e-01 1.351915449689394961e+02
1.732500000000000000e+04 7.228915662650602370e-01 1.370905183758096371e+02
1.732600000000000000e+04 7.349397590361446131e-01 1.395318294989563697e+02
1.732700000000000000e+04 7.469879518072288782e-01 1.410357909346321605e+02
1.732800000000000000e+04 7.590361445783132543e-01 1.428001321714681637e+02
1.732900000000000000e+04 7.710843373493976305e-01 1.442788478304100579e+02
1.733000000000000000e+04 7.831325301204818956e-01 1.463298963427568538e+02
1.733100000000000000e+04 7.951807228915662717e-01 1.482562140735582830e+02
1.733200000000000000e+04 8.072289156626506479e-01 1.499450302269627855e+02
1.733300000000000000e+04 8.192771084337349130e-01 1.522621189175398229e+02
1.733400000000000000e+04 8.313253012048192891e-01 1.545895638685536824e+02
1.733500000000000000e+04 8.433734939759036653e-01 1.572966656398212422e+02
1.733600000000000000e+04 8.554216867469879304e-01 1.591971918827339891e+02
1.733700000000000000e+04 8.674698795180723065e-01 1.606358370787430658e+02
1.733800000000000000e+04 8.795180722891565717e-01 1.622345666243510607e+02
1.733900000000000000e+04 8.915662650602409478e-01 1.630991474476406040e+02
1.734000000000000000e+04 9.036144578313253239e-01 1.653791693773596876e+02
1.734100000000000000e+04 9.156626506024095891e-01 1.668513106749259123e+02
1.734200000000000000e+04 9.277108433734939652e-01 1.689245930965945206e+02
1.734300000000000000e+04 9.397590361445783413e-01 1.706072695360801390e+02
1.734400000000000000e+04 9.518072289156626065e-01 1.738623117785095644e+02
1.734500000000000000e+04 9.638554216867469826e-01 1.761782349205848845e+02
1.734600000000000000e+04 9.759036144578313587e-01 1.784871307605915263e+02
1.734700000000000000e+04 9.879518072289156239e-01 1.805330535352827042e+02
1.734800000000000000e+04 5.882352941176470507e-02 1.817678004729181112e+02
1.734900000000000000e+04 1.176470588235294101e-01 1.831180967367061783e+02
1.735000000000000000e+04 1.764705882352941291e-01 1.853727363974945774e+02
1.735100000000000000e+04 2.352941176470588203e-01 1.866868901175745350e+02
1.735200000000000000e+04 2.941176470588235392e-01 1.881036469774485340e+02
1.735300000000000000e+04 3.529411764705882582e-01 1.897029280659379822e+02
1.735400000000000000e+04 4.117647058823529216e-01 1.924474287509442831e+02
1.735500000000000000e+04 4.705882352941176405e-01 1.939924206603081984e+02
1.735600000000000000e+04 5.294117647058823595e-01 1.951724630324287943e+02
1.735700000000000000e+04 5.882352941176470784e-01 1.969408521298844619e+02
1.735800000000000000e+04 6.470588235294117974e-01 1.986962438240655615e+02
1.735900000000000000e+04 7.058823529411765163e-01 1.998893490164103071e+02
1.736000000000000000e+04 7.647058823529411242e-01 2.013061058762843061e+02
1.736100000000000000e+04 8.235294117647058432e-01 2.028262374495371034e+02
1.736200000000000000e+04 8.823529411764705621e-01 2.044893670295758739e+02
1.736300000000000000e+04 9.411764705882352811e-01 2.059070764497321875e+02
1.736400000000000000e+04 2.857142857142857054e-02 2.069202398126702747e+02
1.736500000000000000e+04 5.714285714285714107e-02 2.083805479993212941e+02
1.736600000000000000e+04 8.571428571428571508e-02 2.099579826255419732e+02
1.736700000000000000e+04 1.142857142857142821e-01 2.114313121881314146e+02
1.736800000000000000e+04 1.428571428571428492e-01 2.123768279204172416e+02
1.736900000000000000e+04 1.714285714285714302e-01 2.142245833154844661e+02
1.737000000000000000e+04 2.000000000000000111e-01 2.150519284671593709e+02
1.737100000000000000e+04 2.285714285714285643e-01 2.167084308064272875e+02
1.737200000000000000e+04 2.571428571428571175e-01 2.178847385892800617e+02
1.737300000000000000e+04 2.857142857142856984e-01 2.188427573782398383e+02
1.737400000000000000e+04 3.142857142857142794e-01 2.202578545480483285e+02
1.737500000000000000e+04 3.428571428571428603e-01 2.217869392415823597e+02
1.737600000000000000e+04 3.714285714285714413e-01 2.234230932685614732e+02
1.737700000000000000e+04 4.000000000000000222e-01 2.245288509273638056e+02
1.737800000000000000e+04 4.285714285714285476e-01 2.266513494550428902e+02
1.737900000000000000e+04 4.571428571428571286e-01 2.283714947977392740e+02
1.738000000000000000e+04 4.857142857142857095e-01 2.293501673681120110e+02
1.738100000000000000e+04 5.142857142857142350e-01 2.307226468761557499e+02
1.738200000000000000e+04 5.428571428571428159e-01 2.315936233396724333e+02
1.738300000000000000e+04 5.714285714285713969e-01 2.330416910176488443e+02
1.738400000000000000e+04 5.999999999999999778e-01 2.343214175509363315e+02
1.738500000000000000e+04 6.285714285714285587e-01 2.359735676651813776e+02
1.738600000000000000e+04 6.571428571428571397e-01 2.375275303416958650e+02
1.738700000000000000e+04 6.857142857142857206e-01 2.384006855398135940e+02
1.738800000000000000e+04 7.142857142857143016e-01 2.392660756252664100e+02
1.738900000000000000e+04 7.428571428571428825e-01 2.402217952494240194e+02
1.739000000000000000e+04 7.714285714285714635e-01 2.410164649921473767e+02
1.739100000000000000e+04 8.000000000000000444e-01 2.420853429084689878e+02
1.739200000000000000e+04 8.285714285714286254e-01 2.430955409088629722e+02
1.739300000000000000e+04 8.571428571428570953e-01 2.444150104992666286e+02
1.739400000000000000e+04 8.857142857142856762e-01 2.452797069778069385e+02
1.739500000000000000e+04 9.142857142857142572e-01 2.462509947827339829e+02
1.739600000000000000e+04 9.428571428571428381e-01 2.478240809215070612e+02
1.739700000000000000e+04 9.714285714285714191e-01 2.487290118580983744e+02
1.739800000000000000e+04 5.555555555555555247e-02 2.501875385119515158e+02
1.739900000000000000e+04 1.111111111111111049e-01 2.507896182408911443e+02
1.740000000000000000e+04 1.666666666666666574e-01 2.517050962581039926e+02
1.740100000000000000e+04 2.222222222222222099e-01 2.526696687022470087e+02
1.740200000000000000e+04 2.777777777777777901e-01 2.539990294508777140e+02
1.740300000000000000e+04 3.333333333333333148e-01 2.551547110679331922e+02
1.740400000000000000e+04 3.888888888888888951e-01 2.559169446279395572e+02
1.740500000000000000e+04 4.444444444444444198e-01 2.564618299369725491e+02
1.740600000000000000e+04 5.000000000000000000e-01 2.571990544617951855e+02
1.740700000000000000e+04 5.555555555555555802e-01 2.586276901746345516e+02
1.740800000000000000e+04 6.111111111111111605e-01 2.592863251266375642e+02
1.740900000000000000e+04 6.666666666666666297e-01 2.601969842286071071e+02
1.741000000000000000e+04 7.222222222222222099e-01 2.612042081361867076e+02
1.741100000000000000e+04 7.777777777777777901e-01 2.617902115491460791e+02
1.741200000000000000e+04 8.333333333333333703e-01 2.629065000423233300e+02
1.741300000000000000e+04 8.888888888888888395e-01 2.640265893244790050e+02
1.741400000000000000e+04 9.444444444444444198e-01 2.649746926943707308e+02
1.741500000000000000e+04 7.692307692307692735e-02 2.497324559272920794e+02
1.741600000000000000e+04 1.538461538461538547e-01 2.512244679915864651e+02
1.741700000000000000e+04 2.307692307692307820e-01 2.521091148137703328e+02
1.741800000000000000e+04 3.076923076923077094e-01 2.532384951748533410e+02
1.741900000000000000e+04 3.846153846153846367e-01 2.546337012528217372e+02
1.742000000000000000e+04 4.615384615384615641e-01 2.555328119245412779e+02
1.742100000000000000e+04 5.384615384615384359e-01 2.563035907514430392e+02
1.742200000000000000e+04 6.153846153846154188e-01 2.569131807776081473e+02
1.742300000000000000e+04 6.923076923076922906e-01 2.578376806423999028e+02
1.742400000000000000e+04 7.692307692307692735e-01 2.585793679080314291e+02
1.742500000000000000e+04 8.461538461538461453e-01 2.598695229374755513e+02
1.742600000000000000e+04 9.230769230769231282e-01 2.607215205900544674e+02
1.742700000000000000e+04 2.857142857142857054e-02 2.068549160986180198e+02
1.742800000000000000e+04 5.714285714285714107e-02 2.086479582063221301e+02
1.742900000000000000e+04 8.571428571428571508e-02 2.095894994959106441e+02
1.743000000000000000e+04 1.142857142857142821e-01 2.103079700937780956e+02
1.743100000000000000e+04 1.428571428571428492e-01 2.112618568795131750e+02
1.743200000000000000e+04 1.714285714285714302e-01 2.136857586927061163e+02
1.743300000000000000e+04 2.000000000000000111e-01 2.152143201078936272e+02
1.743400000000000000e+04 2.285714285714285643e-01 2.174377184077940228e+02
1.743500000000000000e+04 2.571428571428571175e-01 2.187788000607891092e+02
1.743600000000000000e+04 2.857142857142856984e-01 2.205744893434880964e+02
1.743700000000000000e+04 3.142857142857142794e-01 2.226045139738805290e+02
1.743800000000000000e+04 3.428571428571428603e-01 2.242965246121449638e+02
1.743900000000000000e+04 3.714285714285714413e-01 2.261009912923582590e+02
1.744000000000000000e+04 4.000000000000000222e-01 2.286591937862980899e+02
1.744100000000000000e+04 4.285714285714285476e-01 2.311408263134865990e+02
1.744200000000000000e+04 4.571428571428571286e-01 2.330034588591058480e+02
1.744300000000000000e+04 4.857142857142857095e-01 2.356813311488164686e+02
1.744400000000000000e+04 5.142857142857142350e-01 2.367911960054544238e+02
1.744500000000000000e+04 5.428571428571428159e-01 2.379111067161809672e+02
1.744600000000000000e+04 5.714285714285713969e-01 2.393906336676083413e+02
1.744700000000000000e+04 5.999999999999999778e-01 2.414191552967757559e+02
1.744800000000000000e+04 6.285714285714285587e-01 2.431655515862816799e+02
1.744900000000000000e+04 6.571428571428571397e-01 2.448597180479966937e+02
1.745000000000000000e+04 6.857142857142857206e-01 2.457141184225284292e+02
1.745100000000000000e+04 7.142857142857143016e-01 2.471286501471638530e+02
1.745200000000000000e+04 7.428571428571428825e-01 2.485198726311684823e+02
1.745300000000000000e+04 7.714285714285714635e-01 2.494975228753764895e+02
1.745400000000000000e+04 8.000000000000000444e-01 2.502544905100874928e+02
1.745500000000000000e+04 8.285714285714286254e-01 2.510424625908111693e+02
1.745600000000000000e+04 8.571428571428570953e-01 2.519876080822567985e+02
1.745700000000000000e+04 8.857142857142856762e-01 2.531453213455478135e+02
1.745800000000000000e+04 9.142857142857142572e-01 2.541765827091215613e+02
1.745900000000000000e+04 9.428571428571428381e-01 2.547786624380611897e+02
1.746000000000000000e+04 9.714285714285714191e-01 2.556060075897361230e+02
1.746100000000000000e+04 2.040816326530612082e-02 1.826825883686827012e+02
1.746200000000000000e+04 4.081632653061224164e-02 1.841806204110636429e+02
1.746300000000000000e+04 6.122448979591836593e-02 1.860208921301312444e+02
1.746400000000000000e+04 8.163265306122448328e-02 1.867831912840072164e+02
1.746500000000000000e+04 1.020408163265306145e-01 1.876793776541334182e+02
1.746600000000000000e+04 1.224489795918367319e-01 1.884651257053559448e+02
1.746700000000000000e+04 1.428571428571428492e-01 1.896782621362655163e+02
1.746800000000000000e+04 1.632653061224489666e-01 1.910556146692068751e+02
1.746900000000000000e+04 1.836734693877551117e-01 1.925016091366928492e+02
1.747000000000000000e+04 2.040816326530612290e-01 1.936293059044456015e+02
1.747100000000000000e+04 2.244897959183673464e-01 1.957145157260223129e+02
1.747200000000000000e+04 2.448979591836734637e-01 1.982333051177738525e+02
1.747300000000000000e+04 2.653061224489796088e-01 1.995544409926935998e+02
1.747400000000000000e+04 2.857142857142856984e-01 2.006711325347050945e+02
1.747500000000000000e+04 3.061224489795918435e-01 2.029105297750356272e+02
1.747600000000000000e+04 3.265306122448979331e-01 2.040120741454538233e+02
1.747700000000000000e+04 3.469387755102040782e-01 2.053329072159059479e+02
1.747800000000000000e+04 3.673469387755102233e-01 2.067291163692923703e+02
1.747900000000000000e+04 3.877551020408163129e-01 2.075534342691344136e+02
1.748000000000000000e+04 4.081632653061224580e-01 2.106206316869736952e+02
1.748100000000000000e+04 4.285714285714285476e-01 2.124879827519852995e+02
1.748200000000000000e+04 4.489795918367346927e-01 2.145110744454090081e+02
1.748300000000000000e+04 4.693877551020408379e-01 2.160762581406984850e+02
1.748400000000000000e+04 4.897959183673469274e-01 2.193283497753238009e+02
1.748500000000000000e+04 5.102040816326530726e-01 2.207196441367010209e+02
1.748600000000000000e+04 5.306122448979592177e-01 2.217812466988682445e+02
1.748700000000000000e+04 5.510204081632652517e-01 2.226328921650101336e+02
1.748800000000000000e+04 5.714285714285713969e-01 2.234232085573492839e+02
1.748900000000000000e+04 5.918367346938775420e-01 2.246858248886233582e+02
1.749000000000000000e+04 6.122448979591836871e-01 2.260871813743185612e+02
1.749100000000000000e+04 6.326530612244898322e-01 2.277734790941770768e+02
1.749200000000000000e+04 6.530612244897958663e-01 2.291034414996607893e+02
1.749300000000000000e+04 6.734693877551020114e-01 2.301225097015000927e+02
1.749400000000000000e+04 6.938775510204081565e-01 2.311327077018940770e+02
1.749500000000000000e+04 7.142857142857143016e-01 2.327755710559196132e+02
1.749600000000000000e+04 7.346938775510204467e-01 2.343553811710916932e+02
1.749700000000000000e+04 7.551020408163264808e-01 2.352050870025416316e+02
1.749800000000000000e+04 7.755102040816326259e-01 2.364813706700701346e+02
1.749900000000000000e+04 7.959183673469387710e-01 2.374148587524793470e+02
1.750000000000000000e+04 8.163265306122449161e-01 2.380232993822863818e+02
1.750100000000000000e+04 8.367346938775510612e-01 2.405056571324908248e+02
1.750200000000000000e+04 8.571428571428570953e-01 2.418140148817321915e+02
1.750300000000000000e+04 8.775510204081632404e-01 2.427819508300263180e+02
1.750400000000000000e+04 8.979591836734693855e-01 2.439435876063036517e+02
1.750500000000000000e+04 9.183673469387755306e-01 2.450034932624825217e+02
1.750600000000000000e+04 9.387755102040816757e-01 2.465352243093703350e+02
1.750700000000000000e+04 9.591836734693877098e-01 2.481297461812805238e+02
1.750800000000000000e+04 9.795918367346938549e-01 2.489128809078761719e+02
1.750900000000000000e+04 5.000000000000000000e-01 2.499169725371610866e+02
1.751000000000000000e+04 3.333333333333333148e-01 2.509012997185393203e+02
1.751100000000000000e+04 6.666666666666666297e-01 2.513840004539852373e+02
1.751200000000000000e+04 5.000000000000000000e-01 2.523643065286374281e+02
1.751300000000000000e+04 1.428571428571428492e-01 2.527145921264001629e+02
1.751400000000000000e+04 2.857142857142856984e-01 2.538925989175520783e+02
1.751500000000000000e+04 4.285714285714285476e-01 2.549494338147806047e+02
1.751600000000000000e+04 5.714285714285713969e-01 2.555863796523523774e+02
1.751700000000000000e+04 7.142857142857143016e-01 2.565315251437979782e+02
1.751800000000000000e+04 8.571428571428570953e-01 2.571175285567572928e+02
1.751900000000000000e+04 1.250000000000000000e-01 2.531106308549192363e+02
1.752000000000000000e+04 2.500000000000000000e-01 2.538206308549192443e+02
1.752100000000000000e+04 3.750000000000000000e-01 2.545066337703649424e+02
1.752200000000000000e+04 5.000000000000000000e-01 2.557061753494692198e+02
1.752300000000000000e+04 6.250000000000000000e-01 2.562399355952725273e+02
1.752400000000000000e+04 7.500000000000000000e-01 2.567250129086979200e+02
1.752500000000000000e+04 8.750000000000000000e-01 2.576701584001435208e+02
1.752600000000000000e+04 3.333333333333333148e-01 2.522945497387579223e+02
1.752700000000000000e+04 6.666666666666666297e-01 2.528178087568359729e+02
1.752800000000000000e+04 3.703703703703703498e-02 2.502869725371610912e+02
1.752900000000000000e+04 7.407407407407406996e-02 2.514309130950573490e+02
1.753000000000000000e+04 1.111111111111111049e-01 2.523073832885037575e+02
1.753100000000000000e+04 1.481481481481481399e-01 2.533485845178537943e+02
1.753200000000000000e+04 1.851851851851851749e-01 2.539291876525335852e+02
1.753300000000000000e+04 2.222222222222222099e-01 2.551889098441297961e+02
1.753400000000000000e+04 2.592592592592592449e-01 2.563402568812997515e+02
1.753500000000000000e+04 2.962962962962962798e-01 2.571196797447057634e+02
1.753600000000000000e+04 3.333333333333333148e-01 2.578736028177045796e+02
1.753700000000000000e+04 3.703703703703703498e-01 2.586825527543508656e+02
1.753800000000000000e+04 4.074074074074073848e-01 2.595757492612853525e+02
1.753900000000000000e+04 4.444444444444444198e-01 2.608878849250031067e+02
1.754000000000000000e+04 4.814814814814814548e-01 2.620982567686941138e+02
1.754100000000000000e+04 5.185185185185184897e-01 2.630576836809703991e+02
1.754200000000000000e+04 5.555555555555555802e-01 2.638126008949747074e+02
1.754300000000000000e+04 5.925925925925925597e-01 2.652489156237163002e+02
1.754400000000000000e+04 6.296296296296296502e-01 2.657175306042707348e+02
1.754500000000000000e+04 6.666666666666666297e-01 2.665462645784747338e+02
1.754600000000000000e+04 7.037037037037037202e-01 2.674258667612824070e+02
1.754700000000000000e+04 7.407407407407406996e-01 2.680498058608746987e+02
1.754800000000000000e+04 7.777777777777777901e-01 2.688439091287183942e+02
1.754900000000000000e+04 8.148148148148147696e-01 2.702784125271110156e+02
1.755000000000000000e+04 8.518518518518518601e-01 2.709602482844602491e+02
1.755100000000000000e+04 8.888888888888888395e-01 2.717459326994768389e+02
1.755200000000000000e+04 9.259259259259259300e-01 2.722039719991008155e+02
1.755300000000000000e+04 9.629629629629629095e-01 2.729865957912257386e+02
1.755400000000000000e+04 2.000000000000000111e-01 2.496676656454007173e+02
1.755500000000000000e+04 4.000000000000000222e-01 2.503536685608464154e+02
1.755600000000000000e+04 5.999999999999999778e-01 2.509396719738057868e+02
1.755700000000000000e+04 8.000000000000000444e-01 2.517312526708923031e+02
1.761700000000000000e+04 5.445544554455445940e-01 1.211595327255381562e+02
1.761800000000000000e+04 5.544554455445545038e-01 1.228358978408993636e+02
1.761900000000000000e+04 5.643564356435643026e-01 1.253339971183501262e+02
1.762000000000000000e+04 5.742574257425742124e-01 1.281002219826733324e+02
1.762100000000000000e+04 5.841584158415841221e-01 1.307788410298691133e+02
1.762200000000000000e+04 5.940594059405940319e-01 1.324655538092124232e+02
1.762300000000000000e+04 6.039603960396039417e-01 1.344861972710829150e+02
1.762400000000000000e+04 6.138613861386138515e-01 1.357882725377245947e+02
1.762500000000000000e+04 6.237623762376237613e-01 1.367932600998366865e+02
1.762600000000000000e+04 6.336633663366336711e-01 1.399506007529813587e+02
1.762700000000000000e+04 6.435643564356435808e-01 1.438170073741219710e+02
1.762800000000000000e+04 6.534653465346534906e-01 1.450874010139045538e+02
1.762900000000000000e+04 6.633663366336634004e-01 1.485748786123989191e+02
1.763000000000000000e+04 6.732673267326733102e-01 1.504279841139826885e+02
1.763100000000000000e+04 6.831683168316832200e-01 1.529293637333127833e+02
1.763200000000000000e+04 6.930693069306930187e-01 1.548537337601007664e+02
1.763300000000000000e+04 7.029702970297029285e-01 1.560695051201845445e+02
1.763400000000000000e+04 7.128712871287128383e-01 1.573303778338238033e+02
1.763500000000000000e+04 7.227722772277227481e-01 1.585740819787071416e+02
1.763600000000000000e+04 7.326732673267326579e-01 1.602603796985656288e+02
1.763700000000000000e+04 7.425742574257425677e-01 1.622292626305857084e+02
1.763800000000000000e+04 7.524752475247524774e-01 1.653877116170345971e+02
1.763900000000000000e+04 7.623762376237623872e-01 1.670553446701970870e+02
1.764000000000000000e+04 7.722772277227722970e-01 1.684878948438384896e+02
1.764100000000000000e+04 7.821782178217822068e-01 1.708183239888673484e+02
1.764200000000000000e+04 7.920792079207921166e-01 1.727875370296529525e+02
1.764300000000000000e+04 8.019801980198020264e-01 1.746103096430087476e+02
1.764400000000000000e+04 8.118811881188119361e-01 1.761468642303892125e+02
1.764500000000000000e+04 8.217821782178217349e-01 1.789231026927695609e+02
1.764600000000000000e+04 8.316831683168316447e-01 1.804770010163416032e+02
1.764700000000000000e+04 8.415841584158415545e-01 1.834078370745338873e+02
1.764800000000000000e+04 8.514851485148514643e-01 1.849278370745338975e+02
1.764900000000000000e+04 8.613861386138613740e-01 1.863800422941912132e+02
1.765000000000000000e+04 8.712871287128712838e-01 1.881343797759774077e+02
1.765100000000000000e+04 8.811881188118811936e-01 1.897407732520597961e+02
1.765200000000000000e+04 8.910891089108911034e-01 1.914282269551283946e+02
1.765300000000000000e+04 9.009900990099010132e-01 1.926910808659193322e+02
1.765400000000000000e+04 9.108910891089109230e-01 1.946523559613610530e+02
1.765500000000000000e+04 9.207920792079208328e-01 1.959980528068652745e+02
1.765600000000000000e+04 9.306930693069307425e-01 1.971304838202166536e+02
1.765700000000000000e+04 9.405940594059405413e-01 1.982197037245518629e+02
1.765800000000000000e+04 9.504950495049504511e-01 1.994275530529037042e+02
1.765900000000000000e+04 9.603960396039603609e-01 2.009602956927490425e+02
1.766000000000000000e+04 9.702970297029702706e-01 2.036398665539132082e+02
1.766100000000000000e+04 9.801980198019801804e-01 2.053344756533812756e+02
1.766200000000000000e+04 9.900990099009900902e-01 2.072588456801692587e+02
1.766300000000000000e+04 2.500000000000000000e-01 2.095204601477565234e+02
1.766400000000000000e+04 5.000000000000000000e-01 2.115313554707407775e+02
1.766500000000000000e+04 7.500000000000000000e-01 2.135951868592025562e+02
1.766600000000000000e+04 1.111111111111111049e-01 2.147812728594571752e+02
1.766700000000000000e+04 2.222222222222222099e-01 2.167254950689795407e+02
1.766800000000000000e+04 3.333333333333333148e-01 2.188823909867279838e+02
1.766900000000000000e+04 4.444444444444444198e-01 2.210013529967696968e+02
1.767000000000000000e+04 5.555555555555555802e-01 2.222236050166084738e+02
1.767100000000000000e+04 6.666666666666666297e-01 2.257500479836788543e+02
1.767200000000000000e+04 7.777777777777777901e-01 2.271694492659102025e+02
1.767300000000000000e+04 8.888888888888888395e-01 2.286537672911325672e+02
1.767400000000000000e+04 1.666666666666666574e-01 2.297430330989132017e+02
1.767500000000000000e+04 3.333333333333333148e-01 2.306643907927542045e+02
1.767600000000000000e+04 5.000000000000000000e-01 2.315245070639641085e+02
1.767700000000000000e+04 6.666666666666666297e-01 2.326224141638591618e+02
1.767800000000000000e+04 8.333333333333333703e-01 2.334632470842422833e+02
1.767900000000000000e+04 2.857142857142857054e-02 2.343024133371385744e+02
1.768000000000000000e+04 5.714285714285714107e-02 2.350326872583489717e+02
1.768100000000000000e+04 8.571428571428571508e-02 2.362626872583489614e+02
1.768200000000000000e+04 1.142857142857142821e-01 2.370317126155381686e+02
1.768300000000000000e+04 1.428571428571428492e-01 2.382037194414568546e+02
1.768400000000000000e+04 1.714285714285714302e-01 2.396545123281226211e+02
1.768500000000000000e+04 2.000000000000000111e-01 2.401142948854255224e+02
1.768600000000000000e+04 2.285714285714285643e-01 2.408092768995812776e+02
1.768700000000000000e+04 2.571428571428571175e-01 2.422343383017671670e+02
1.768800000000000000e+04 2.857142857142856984e-01 2.429169069796304257e+02
1.768900000000000000e+04 3.142857142857142794e-01 2.438569069796304234e+02
1.769000000000000000e+04 3.428571428571428603e-01 2.448033740947485342e+02
1.769100000000000000e+04 3.714285714285714413e-01 2.458543260441734333e+02
1.769200000000000000e+04 4.000000000000000222e-01 2.469389918913356041e+02
1.769300000000000000e+04 4.285714285714285476e-01 2.478092792002169915e+02
1.769400000000000000e+04 4.571428571428571286e-01 2.488602311496419190e+02
1.769500000000000000e+04 4.857142857142857095e-01 2.495806476958150029e+02
1.769600000000000000e+04 5.142857142857142350e-01 2.508209702345120888e+02
1.769700000000000000e+04 5.428571428571428159e-01 2.517501096212566267e+02
1.769800000000000000e+04 5.714285714285713969e-01 2.525368115978652952e+02
1.769900000000000000e+04 5.999999999999999778e-01 2.533952403951455494e+02
1.770000000000000000e+04 6.285714285714285587e-01 2.544752403951455335e+02
1.770100000000000000e+04 6.571428571428571397e-01 2.553283523455951922e+02
1.770200000000000000e+04 6.857142857142857206e-01 2.560812135545839396e+02
1.770300000000000000e+04 7.142857142857143016e-01 2.567821415109389704e+02
1.770400000000000000e+04 7.428571428571428825e-01 2.577976216929218367e+02
1.770500000000000000e+04 7.714285714285714635e-01 2.587545960917434513e+02
1.770600000000000000e+04 8.000000000000000444e-01 2.594586557483067395e+02
1.770700000000000000e+04 8.285714285714286254e-01 2.601964904181346014e+02
1.770800000000000000e+04 8.571428571428570953e-01 2.609722481122634008e+02
1.770900000000000000e+04 8.857142857142856762e-01 2.617673581675387595e+02
1.771000000000000000e+04 9.142857142857142572e-01 2.625116699301759127e+02
1.771100000000000000e+04 9.428571428571428381e-01 2.633856264508335698e+02
1.771200000000000000e+04 9.714285714285714191e-01 2.640036070330527878e+02
1.771300000000000000e+04 4.347826086956521618e-02 2.344336593677589349e+02
1.771400000000000000e+04 8.695652173913043237e-02 2.361282684672270022e+02
1.771500000000000000e+04 1.304347826086956486e-01 2.371253141030933023e+02
1.771600000000000000e+04 1.739130434782608647e-01 2.383196758573369607e+02
1.771700000000000000e+04 2.173913043478260809e-01 2.396300193237609335e+02
1.771800000000000000e+04 2.608695652173912971e-01 2.401297192337068793e+02
1.771900000000000000e+04 3.043478260869565410e-01 2.411399172341008637e+02
1.772000000000000000e+04 3.478260869565217295e-01 2.420247335992298190e+02
1.772100000000000000e+04 3.913043478260869734e-01 2.426115044233170295e+02
1.772200000000000000e+04 4.347826086956521618e-01 2.444815044233170056e+02
1.772300000000000000e+04 4.782608695652174058e-01 2.454228332712761187e+02
1.772400000000000000e+04 5.217391304347825942e-01 2.462744787374179793e+02
1.772500000000000000e+04 5.652173913043477826e-01 2.477322167111292970e+02
1.772600000000000000e+04 6.086956521739130821e-01 2.489083544581640410e+02
1.772700000000000000e+04 6.521739130434782705e-01 2.503287769305292159e+02
1.772800000000000000e+04 6.956521739130434590e-01 2.513675261784230486e+02
1.772900000000000000e+04 7.391304347826086474e-01 2.523865943802623519e+02
1.773000000000000000e+04 7.826086956521739468e-01 2.535465081701622694e+02
1.773100000000000000e+04 8.260869565217391353e-01 2.552180643313486144e+02
1.773200000000000000e+04 8.695652173913043237e-01 2.567278987593571742e+02
1.773300000000000000e+04 9.130434782608695121e-01 2.578990093433756101e+02
1.773400000000000000e+04 9.565217391304348116e-01 2.597233448388369084e+02
1.773500000000000000e+04 3.333333333333333148e-01 2.607742967882617791e+02
1.773600000000000000e+04 6.666666666666666297e-01 2.633415716079879303e+02
1.773700000000000000e+04 8.333333333333332871e-02 2.640958924946137927e+02
1.773800000000000000e+04 1.666666666666666574e-01 2.652035928150976360e+02
1.773900000000000000e+04 2.500000000000000000e-01 2.660357586639523220e+02
1.774000000000000000e+04 3.333333333333333148e-01 2.669407448516922159e+02
1.774100000000000000e+04 4.166666666666666852e-01 2.679737017723815597e+02
1.774200000000000000e+04 5.000000000000000000e-01 2.687322530231220412e+02
1.774300000000000000e+04 5.833333333333333703e-01 2.701659894005638876e+02
1.774400000000000000e+04 6.666666666666666297e-01 2.714858757593084420e+02
1.774500000000000000e+04 7.500000000000000000e-01 2.728150108164038556e+02
1.774600000000000000e+04 8.333333333333333703e-01 2.737652739378602291e+02
1.774700000000000000e+04 9.166666666666666297e-01 2.743139086068340475e+02
1.774800000000000000e+04 2.500000000000000000e-01 2.751054893039205922e+02
1.774900000000000000e+04 5.000000000000000000e-01 2.765209044373708593e+02
1.775000000000000000e+04 7.500000000000000000e-01 2.777545980784341282e+02
1.775100000000000000e+04 3.333333333333333148e-01 2.750604338910676461e+02
1.775200000000000000e+04 6.666666666666666297e-01 2.754138458320090876e+02
1.775300000000000000e+04 2.000000000000000111e-01 2.639256948826483722e+02
1.775400000000000000e+04 4.000000000000000222e-01 2.644493359811118012e+02
1.775500000000000000e+04 5.999999999999999778e-01 2.648681438129392518e+02
1.775600000000000000e+04 8.000000000000000444e-01 2.654541472258985664e+02
1.775700000000000000e+04 3.333333333333333148e-01 2.603257566581100946e+02
1.775800000000000000e+04 6.666666666666666297e-01 2.615469855473851339e+02
1.775900000000000000e+04 5.882352941176470507e-02 2.301676034777789255e+02
1.776000000000000000e+04 1.176470588235294101e-01 2.319091545106229262e+02
1.776100000000000000e+04 1.764705882352941291e-01 2.329862338948839238e+02
1.776200000000000000e+04 2.352941176470588203e-01 2.340982590744549725e+02
1.776300000000000000e+04 2.941176470588235392e-01 2.357650524029753285e+02
1.776400000000000000e+04 3.529411764705882582e-01 2.368718044077171498e+02
1.776500000000000000e+04 4.117647058823529216e-01 2.379772002644128293e+02
1.776600000000000000e+04 4.705882352941176405e-01 2.389721374483596321e+02
1.776700000000000000e+04 5.294117647058823595e-01 2.404148085820557412e+02
1.776800000000000000e+04 5.882352941176470784e-01 2.412463733720751122e+02
1.776900000000000000e+04 6.470588235294117974e-01 2.430921794290594562e+02
1.777000000000000000e+04 7.058823529411765163e-01 2.445085480251530043e+02
1.777100000000000000e+04 7.647058823529411242e-01 2.453094225471600396e+02
1.777200000000000000e+04 8.235294117647058432e-01 2.460472572169879300e+02
1.777300000000000000e+04 8.823529411764705621e-01 2.465494523981675172e+02
1.777400000000000000e+04 9.411764705882352811e-01 2.470345297115929100e+02
1.777500000000000000e+04 1.250000000000000000e-01 2.478889300861246454e+02
1.777600000000000000e+04 2.500000000000000000e-01 2.488018375294068107e+02
1.777700000000000000e+04 3.750000000000000000e-01 2.498154942760425001e+02
1.777800000000000000e+04 5.000000000000000000e-01 2.506669635943388244e+02
1.777900000000000000e+04 6.250000000000000000e-01 2.513904965928952038e+02
1.778000000000000000e+04 7.500000000000000000e-01 2.520035218778549790e+02
1.778100000000000000e+04 8.750000000000000000e-01 2.527075815344182672e+02
1.778200000000000000e+04 3.333333333333333148e-01 2.477563330088976556e+02
1.778300000000000000e+04 6.666666666666666297e-01 2.484139803307959653e+02
1.778400000000000000e+04 3.703703703703703498e-02 2.140522426544836208e+02
1.778500000000000000e+04 7.407407407407406996e-02 2.156274569256226243e+02
1.778600000000000000e+04 1.111111111111111049e-01 2.172970976055295580e+02
1.778700000000000000e+04 1.481481481481481399e-01 2.182838093162130804e+02
1.778800000000000000e+04 1.851851851851851749e-01 2.196685114502476779e+02
1.778900000000000000e+04 2.222222222222222099e-01 2.208448192331004236e+02
1.779000000000000000e+04 2.592592592592592449e-01 2.220199787967342502e+02
1.779100000000000000e+04 2.962962962962962798e-01 2.228429004211918709e+02
1.779200000000000000e+04 3.333333333333333148e-01 2.238062798895219885e+02
1.779300000000000000e+04 3.703703703703703498e-01 2.246785757109037149e+02
1.779400000000000000e+04 4.074074074074073848e-01 2.259895677017259175e+02
1.779500000000000000e+04 4.444444444444444198e-01 2.268826522441965778e+02
1.779600000000000000e+04 4.814814814814814548e-01 2.283287850181837939e+02
1.779700000000000000e+04 5.185185185185184897e-01 2.294090627602483039e+02
1.779800000000000000e+04 5.555555555555555802e-01 2.308618531787189170e+02
1.779900000000000000e+04 5.925925925925925597e-01 2.321752838011729523e+02
1.780000000000000000e+04 6.296296296296296502e-01 2.334875718793021520e+02
1.780100000000000000e+04 6.666666666666666297e-01 2.346899861174081252e+02
1.780200000000000000e+04 7.037037037037037202e-01 2.355281388481201361e+02
1.780300000000000000e+04 7.407407407407406996e-01 2.367589515877357087e+02
1.780400000000000000e+04 7.777777777777777901e-01 2.381699795817882830e+02
1.780500000000000000e+04 8.148148148148147696e-01 2.395092704389212486e+02
1.780600000000000000e+04 8.518518518518518601e-01 2.416226800064211204e+02
1.780700000000000000e+04 8.888888888888888395e-01 2.434547826236344577e+02
1.780800000000000000e+04 9.259259259259259300e-01 2.451976825060143881e+02
1.780900000000000000e+04 9.629629629629629095e-01 2.464689417242700529e+02
1.781000000000000000e+04 3.030303030303030387e-02 2.475761905671233762e+02
1.781100000000000000e+04 6.060606060606060774e-02 2.483961905671233694e+02
1.781200000000000000e+04 9.090909090909091161e-02 2.494040596062351085e+02
1.781300000000000000e+04 1.212121212121212155e-01 2.505325098709787426e+02
1.781400000000000000e+04 1.515151515151515194e-01 2.514695797723201736e+02
1.781500000000000000e+04 1.818181818181818232e-01 2.526853511324039800e+02
1.781600000000000000e+04 2.121212121212121271e-01 2.543194257941009369e+02
1.781700000000000000e+04 2.424242424242424310e-01 2.550572604639287988e+02
1.781800000000000000e+04 2.727272727272727071e-01 2.564354476790777539e+02
1.781900000000000000e+04 3.030303030303030387e-01 2.577611173211831783e+02
1.782000000000000000e+04 3.333333333333333148e-01 2.583702150144968073e+02
1.782100000000000000e+04 3.636363636363636465e-01 2.595078441280483048e+02
1.782200000000000000e+04 3.939393939393939226e-01 2.610468048163051549e+02
1.782300000000000000e+04 4.242424242424242542e-01 2.633968048163051208e+02
1.782400000000000000e+04 4.545454545454545303e-01 2.652706511280393897e+02
1.782500000000000000e+04 4.848484848484848619e-01 2.670639163064221293e+02
1.782600000000000000e+04 5.151515151515151381e-01 2.682400540534569018e+02
1.782700000000000000e+04 5.454545454545454142e-01 2.701425261294675124e+02
1.782800000000000000e+04 5.757575757575758013e-01 2.725198565650611613e+02
1.782900000000000000e+04 6.060606060606060774e-01 2.745641901973237395e+02
1.783000000000000000e+04 6.363636363636363535e-01 2.765121635030956782e+02
1.783100000000000000e+04 6.666666666666666297e-01 2.774949656194954741e+02
1.783200000000000000e+04 6.969696969696970168e-01 2.782547682254399319e+02
1.783300000000000000e+04 7.272727272727272929e-01 2.793732493383783435e+02
1.783400000000000000e+04 7.575757575757575690e-01 2.802122964169144552e+02
1.783500000000000000e+04 7.878787878787878451e-01 2.812778948403367281e+02
1.783600000000000000e+04 8.181818181818182323e-01 2.821095798768740224e+02
1.783700000000000000e+04 8.484848484848485084e-01 2.831770066893534477e+02
1.783800000000000000e+04 8.787878787878787845e-01 2.844244039797144410e+02
1.783900000000000000e+04 9.090909090909090606e-01 2.849395738546101029e+02
1.784000000000000000e+04 9.393939393939394478e-01 2.857827227145393749e+02
1.784100000000000000e+04 9.696969696969697239e-01 2.869339828936474532e+02
1.784200000000000000e+04 2.631578947368420907e-02 2.469525738158438060e+02
1.784300000000000000e+04 5.263157894736841813e-02 2.481336326628112090e+02
1.784400000000000000e+04 7.894736842105262720e-02 2.490621799152437177e+02
1.784500000000000000e+04 1.052631578947368363e-01 2.502552012897379257e+02
1.784600000000000000e+04 1.315789473684210453e-01 2.511472214688818667e+02
1.784700000000000000e+04 1.578947368421052544e-01 2.522635099620591461e+02
1.784800000000000000e+04 1.842105263157894635e-01 2.531382670712042966e+02
1.784900000000000000e+04 2.105263157894736725e-01 2.543972349024057280e+02
1.785000000000000000e+04 2.368421052631578816e-01 2.555629535648625108e+02
1.785100000000000000e+04 2.631578947368420907e-01 2.567329535648624983e+02
1.785200000000000000e+04 2.894736842105263275e-01 2.592379485748375600e+02
1.785300000000000000e+04 3.157894736842105088e-01 2.602411933106822062e+02
1.785400000000000000e+04 3.421052631578947456e-01 2.611111933106822107e+02
1.785500000000000000e+04 3.684210526315789269e-01 2.625593645712726243e+02
1.785600000000000000e+04 3.947368421052631637e-01 2.635196770204265135e+02
1.785700000000000000e+04 4.210526315789473450e-01 2.646338583342170523e+02
1.785800000000000000e+04 4.473684210526315819e-01 2.656036521267317312e+02
1.785900000000000000e+04 4.736842105263157632e-01 2.668289684124310952e+02
1.786000000000000000e+04 5.000000000000000000e-01 2.675911363729227332e+02
1.786100000000000000e+04 5.263157894736841813e-01 2.687201182151150647e+02
1.786200000000000000e+04 5.526315789473684736e-01 2.704523133542376740e+02
1.786300000000000000e+04 5.789473684210526550e-01 2.717924625996577674e+02
1.786400000000000000e+04 6.052631578947368363e-01 2.727967533941989018e+02
1.786500000000000000e+04 6.315789473684210176e-01 2.735677268048947326e+02
1.786600000000000000e+04 6.578947368421053099e-01 2.743110302422606992e+02
1.786700000000000000e+04 6.842105263157894912e-01 2.752254699614330207e+02
1.786800000000000000e+04 7.105263157894736725e-01 2.758976306565052710e+02
1.786900000000000000e+04 7.368421052631578538e-01 2.771717185655602407e+02
1.787000000000000000e+04 7.631578947368421462e-01 2.779302038983122998e+02
1.787100000000000000e+04 7.894736842105263275e-01 2.786135047105465787e+02
1.787200000000000000e+04 8.157894736842105088e-01 2.801591760857101576e+02
1.787300000000000000e+04 8.421052631578946901e-01 2.811186029979864429e+02
1.787400000000000000e+04 8.684210526315789824e-01 2.818895764086822737e+02
1.787500000000000000e+04 8.947368421052631637e-01 2.831156269786018242e+02
1.787600000000000000e+04 9.210526315789473450e-01 2.848848358413424648e+02
1.787700000000000000e+04 9.473684210526315264e-01 2.856066391386472105e+02
1.787800000000000000e+04 9.736842105263158187e-01 2.864533976638478521e+02
1.787900000000000000e+04 2.083333333333333218e-02 2.094216447924309534e+02
1.788000000000000000e+04 4.166666666666666435e-02 2.110937990915313662e+02
1.788100000000000000e+04 6.250000000000000000e-02 2.127997299224855396e+02
1.788200000000000000e+04 8.333333333333332871e-02 2.143959128693935554e+02
1.788300000000000000e+04 1.041666666666666713e-01 2.156161177702196312e+02
1.788400000000000000e+04 1.250000000000000000e-01 2.170205393593444967e+02
1.788500000000000000e+04 1.458333333333333426e-01 2.185366198321427191e+02
1.788600000000000000e+04 1.666666666666666574e-01 2.197902146630190998e+02
1.788700000000000000e+04 1.875000000000000000e-01 2.212751389035108502e+02
1.788800000000000000e+04 2.083333333333333426e-01 2.224606345804325258e+02
1.788900000000000000e+04 2.291666666666666574e-01 2.231017273974255204e+02
1.789000000000000000e+04 2.500000000000000000e-01 2.251901239115003648e+02
1.789100000000000000e+04 2.708333333333333148e-01 2.264017756766540401e+02
1.789200000000000000e+04 2.916666666666666852e-01 2.289119549531201585e+02
1.789300000000000000e+04 3.125000000000000000e-01 2.301619149524801458e+02
1.789400000000000000e+04 3.333333333333333148e-01 2.320729879495160901e+02
1.789500000000000000e+04 3.541666666666666852e-01 2.348604061097496754e+02
1.789600000000000000e+04 3.750000000000000000e-01 2.361310358748661713e+02
1.789700000000000000e+04 3.958333333333333148e-01 2.381855917879530011e+02
1.789800000000000000e+04 4.166666666666666852e-01 2.399731319972909489e+02
1.789900000000000000e+04 4.375000000000000000e-01 2.410403245759758022e+02
1.790000000000000000e+04 4.583333333333333148e-01 2.421190275007887465e+02
1.790100000000000000e+04 4.791666666666666852e-01 2.428344294856895544e+02
1.790200000000000000e+04 5.000000000000000000e-01 2.443166912709353369e+02
1.790300000000000000e+04 5.208333333333333703e-01 2.459662366628539871e+02
1.790400000000000000e+04 5.416666666666666297e-01 2.467609064055773445e+02
1.790500000000000000e+04 5.625000000000000000e-01 2.479894014198122534e+02
1.790600000000000000e+04 5.833333333333333703e-01 2.491031338831983248e+02
1.790700000000000000e+04 6.041666666666666297e-01 2.506332972731668463e+02
1.790800000000000000e+04 6.250000000000000000e-01 2.517964395688469779e+02
1.790900000000000000e+04 6.458333333333333703e-01 2.525768240894520318e+02
1.791000000000000000e+04 6.666666666666666297e-01 2.533005643743609312e+02
1.791100000000000000e+04 6.875000000000000000e-01 2.541293586793606778e+02
1.791200000000000000e+04 7.083333333333333703e-01 2.549710830998214419e+02
1.791300000000000000e+04 7.291666666666666297e-01 2.562077317969056480e+02
1.791400000000000000e+04 7.500000000000000000e-01 2.569579984161817947e+02
1.791500000000000000e+04 7.708333333333333703e-01 2.580129391728122528e+02
1.791600000000000000e+04 7.916666666666666297e-01 2.589978757189917360e+02
1.791700000000000000e+04 8.125000000000000000e-01 2.598909602614623964e+02
1.791800000000000000e+04 8.333333333333333703e-01 2.610511757586869521e+02
1.791900000000000000e+04 8.541666666666666297e-01 2.620259577856037367e+02
1.792000000000000000e+04 8.750000000000000000e-01 2.632588811408858191e+02
1.792100000000000000e+04 8.958333333333333703e-01 2.640612526259225206e+02
1.792200000000000000e+04 9.166666666666666297e-01 2.647913895993734172e+02
1.792300000000000000e+04 9.375000000000000000e-01 2.656229543893928167e+02
1.792400000000000000e+04 9.583333333333333703e-01 2.667824370326437133e+02
1.792500000000000000e+04 9.791666666666666297e-01 2.677819369075811551e+02
1.792600000000000000e+04 5.000000000000000000e-01 2.689950733384907267e+02
1.792700000000000000e+04 1.666666666666666574e-01 2.694683532262877748e+02
1.792800000000000000e+04 3.333333333333333148e-01 2.705530190734499456e+02
1.792900000000000000e+04 5.000000000000000000e-01 2.718774434767285584e+02
1.793000000000000000e+04 6.666666666666666297e-01 2.726914459337273229e+02
1.793100000000000000e+04 8.333333333333333703e-01 2.731513372252300087e+02
1.793200000000000000e+04 2.500000000000000000e-01 2.742294837829854828e+02
1.793300000000000000e+04 5.000000000000000000e-01 2.753141496301476536e+02
1.793400000000000000e+04 7.500000000000000000e-01 2.760684705167735160e+02
1.793500000000000000e+04 2.500000000000000000e-01 2.740126153452353606e+02
1.793600000000000000e+04 5.000000000000000000e-01 2.745569498012456506e+02
1.793700000000000000e+04 7.500000000000000000e-01 2.756641986440989740e+02
1.799600000000000000e+04 5.841584158415841221e-01 1.217404947361940515e+02
1.799700000000000000e+04 5.940594059405940319e-01 1.240508843137328796e+02
1.799800000000000000e+04 6.039603960396039417e-01 1.257293061915693215e+02
1.799900000000000000e+04 6.138613861386138515e-01 1.278908796925171885e+02
1.800000000000000000e+04 6.237623762376237613e-01 1.293479315104015086e+02
1.800100000000000000e+04 6.336633663366336711e-01 1.309116130636597006e+02
1.800200000000000000e+04 6.435643564356435808e-01 1.321740709837505108e+02
1.800300000000000000e+04 6.534653465346534906e-01 1.338657860897893386e+02
1.800400000000000000e+04 6.633663366336634004e-01 1.350621973903043340e+02
1.800500000000000000e+04 6.732673267326733102e-01 1.369244540858219068e+02
1.800600000000000000e+04 6.831683168316832200e-01 1.385371846894876171e+02
1.800700000000000000e+04 6.930693069306930187e-01 1.400773470185945087e+02
1.800800000000000000e+04 7.029702970297029285e-01 1.411117550618733674e+02
1.800900000000000000e+04 7.128712871287128383e-01 1.425319311072987318e+02
1.801000000000000000e+04 7.227722772277227481e-01 1.440501537523676348e+02
1.801100000000000000e+04 7.326732673267326579e-01 1.457279499259238946e+02
1.801200000000000000e+04 7.425742574257425677e-01 1.475394134226579581e+02
1.801300000000000000e+04 7.524752475247524774e-01 1.497960923984983310e+02
1.801400000000000000e+04 7.623762376237623872e-01 1.512754841654079883e+02
1.801500000000000000e+04 7.722772277227722970e-01 1.525251641244374810e+02
1.801600000000000000e+04 7.821782178217822068e-01 1.546476626521165940e+02
1.801700000000000000e+04 7.920792079207921166e-01 1.565054570433235313e+02
1.801800000000000000e+04 8.019801980198020264e-01 1.594471375426300028e+02
1.801900000000000000e+04 8.118811881188119361e-01 1.617435913305386634e+02
1.802000000000000000e+04 8.217821782178217349e-01 1.640535047488294822e+02
1.802100000000000000e+04 8.316831683168316447e-01 1.665352380141100355e+02
1.802200000000000000e+04 8.415841584158415545e-01 1.685325862561549570e+02
1.802300000000000000e+04 8.514851485148514643e-01 1.709565086971583980e+02
1.802400000000000000e+04 8.613861386138613740e-01 1.737382168054975864e+02
1.802500000000000000e+04 8.712871287128712838e-01 1.766658267521947323e+02
1.802600000000000000e+04 8.811881188118811936e-01 1.779266994658339911e+02
1.802700000000000000e+04 8.910891089108911034e-01 1.802026827698149418e+02
1.802800000000000000e+04 9.009900990099010132e-01 1.823702851318730893e+02
1.802900000000000000e+04 9.108910891089109230e-01 1.855199200313495282e+02
1.803000000000000000e+04 9.207920792079208328e-01 1.888925599469052941e+02
1.803100000000000000e+04 9.306930693069307425e-01 1.913267538586551382e+02
1.803200000000000000e+04 9.405940594059405413e-01 1.940178688692037383e+02
1.803300000000000000e+04 9.504950495049504511e-01 1.967411389623086961e+02
1.803400000000000000e+04 9.603960396039603609e-01 1.983635445836007420e+02
1.803500000000000000e+04 9.702970297029702706e-01 2.018707514494699353e+02
1.803600000000000000e+04 9.801980198019801804e-01 2.033690838558471228e+02
1.803700000000000000e+04 9.900990099009900902e-01 2.051895782941797393e+02
1.803800000000000000e+04 4.347826086956521618e-02 2.064361335476683337e+02
1.803900000000000000e+04 8.695652173913043237e-02 2.078412669932883432e+02
1.804000000000000000e+04 1.304347826086956486e-01 2.095109076731952769e+02
1.804100000000000000e+04 1.739130434782608647e-01 2.108369921350603420e+02
1.804200000000000000e+04 2.173913043478260809e-01 2.129210746670153469e+02
1.804300000000000000e+04 2.608695652173912971e-01 2.146044641050242774e+02
1.804400000000000000e+04 3.043478260869565410e-01 2.169422622143570720e+02
1.804500000000000000e+04 3.478260869565217295e-01 2.189001437225183508e+02
1.804600000000000000e+04 3.913043478260869734e-01 2.204638252757765713e+02
1.804700000000000000e+04 4.347826086956521618e-01 2.222504701761415049e+02
1.804800000000000000e+04 4.782608695652174058e-01 2.240098734840842951e+02
1.804900000000000000e+04 5.217391304347825942e-01 2.259751724435304254e+02
1.805000000000000000e+04 5.652173913043477826e-01 2.270408647068034611e+02
1.805100000000000000e+04 6.086956521739130821e-01 2.287911218307712602e+02
1.805200000000000000e+04 6.521739130434782705e-01 2.310243481963687771e+02
1.805300000000000000e+04 6.956521739130434590e-01 2.324451226330757549e+02
1.805400000000000000e+04 7.391304347826086474e-01 2.332832753637877659e+02
1.805500000000000000e+04 7.826086956521739468e-01 2.342534299906385513e+02
1.805600000000000000e+04 8.260869565217391353e-01 2.356132461546842762e+02
1.805700000000000000e+04 8.695652173913043237e-01 2.376390052716574530e+02
1.805800000000000000e+04 9.130434782608695121e-01 2.391683842305816370e+02
1.805900000000000000e+04 9.565217391304348116e-01 2.423368854535575849e+02
1.806000000000000000e+04 6.666666666666666574e-02 2.437336316724534981e+02
1.806100000000000000e+04 1.333333333333333315e-01 2.448450721791833757e+02
1.806200000000000000e+04 2.000000000000000111e-01 2.456505534018074854e+02
1.806300000000000000e+04 2.666666666666666630e-01 2.470235064235820630e+02
1.806400000000000000e+04 3.333333333333333148e-01 2.479711350428206345e+02
1.806500000000000000e+04 4.000000000000000222e-01 2.493814896081693462e+02
1.806600000000000000e+04 4.666666666666666741e-01 2.505836959132601294e+02
1.806700000000000000e+04 5.333333333333333259e-01 2.515352210048893369e+02
1.806800000000000000e+04 5.999999999999999778e-01 2.533036949232720758e+02
1.806900000000000000e+04 6.666666666666666297e-01 2.539811165054496485e+02
1.807000000000000000e+04 7.333333333333332815e-01 2.554025594343075056e+02
1.807100000000000000e+04 8.000000000000000444e-01 2.564116184018609488e+02
1.807200000000000000e+04 8.666666666666666963e-01 2.577457848082735836e+02
1.807300000000000000e+04 9.333333333333333481e-01 2.587159394351243691e+02
1.807400000000000000e+04 2.500000000000000000e-01 2.430898130729208333e+02
1.807500000000000000e+04 5.000000000000000000e-01 2.445273456812466293e+02
1.807600000000000000e+04 7.500000000000000000e-01 2.459593373013338464e+02
1.807700000000000000e+04 6.250000000000000000e-02 2.468893373013338532e+02
1.807800000000000000e+04 1.250000000000000000e-01 2.487286306438977874e+02
1.807900000000000000e+04 1.875000000000000000e-01 2.499041730718858219e+02
1.808000000000000000e+04 2.500000000000000000e-01 2.513985291204900250e+02
1.808100000000000000e+04 3.125000000000000000e-01 2.528596930401103009e+02
1.808200000000000000e+04 3.750000000000000000e-01 2.544514844837359817e+02
1.808300000000000000e+04 4.375000000000000000e-01 2.561651939106809550e+02
1.808400000000000000e+04 5.000000000000000000e-01 2.572127625241856208e+02
1.808500000000000000e+04 5.625000000000000000e-01 2.583759048198657524e+02
1.808600000000000000e+04 6.250000000000000000e-01 2.593997212096544445e+02
1.808700000000000000e+04 6.875000000000000000e-01 2.606316708839512444e+02
1.808800000000000000e+04 7.500000000000000000e-01 2.623828990244286956e+02
1.808900000000000000e+04 8.125000000000000000e-01 2.631329656881326287e+02
1.809000000000000000e+04 8.750000000000000000e-01 2.648064052597933369e+02
1.809100000000000000e+04 9.375000000000000000e-01 2.657295520520208925e+02
1.809200000000000000e+04 3.846153846153846367e-02 2.477436579003294241e+02
1.809300000000000000e+04 7.692307692307692735e-02 2.487312306824574080e+02
1.809400000000000000e+04 1.153846153846153910e-01 2.501497510383211988e+02
1.809500000000000000e+04 1.538461538461538547e-01 2.520238908410040040e+02
1.809600000000000000e+04 1.923076923076923184e-01 2.536506053211756182e+02
1.809700000000000000e+04 2.307692307692307820e-01 2.547343488332669210e+02
1.809800000000000000e+04 2.692307692307692180e-01 2.558657638764760804e+02
1.809900000000000000e+04 3.076923076923077094e-01 2.568176567275890534e+02
1.810000000000000000e+04 3.461538461538461453e-01 2.576209623979287926e+02
1.810100000000000000e+04 3.846153846153846367e-01 2.589884783941789124e+02
1.810200000000000000e+04 4.230769230769230727e-01 2.598998509853840915e+02
1.810300000000000000e+04 4.615384615384615641e-01 2.611019325134012092e+02
1.810400000000000000e+04 5.000000000000000000e-01 2.621425573257134829e+02
1.810500000000000000e+04 5.384615384615384359e-01 2.628968782123393453e+02
1.810600000000000000e+04 5.769230769230768718e-01 2.639501113299348845e+02
1.810700000000000000e+04 6.153846153846154188e-01 2.647845572538868169e+02
1.810800000000000000e+04 6.538461538461538547e-01 2.658596386461543943e+02
1.810900000000000000e+04 6.923076923076922906e-01 2.666546858145664487e+02
1.811000000000000000e+04 7.307692307692307265e-01 2.677056377639913194e+02
1.811100000000000000e+04 7.692307692307692735e-01 2.682499722200016095e+02
1.811200000000000000e+04 8.076923076923077094e-01 2.690462761820663786e+02
1.811300000000000000e+04 8.461538461538461453e-01 2.699524218657177244e+02
1.811400000000000000e+04 8.846153846153845812e-01 2.708924218657177221e+02
1.811500000000000000e+04 9.230769230769231282e-01 2.719170681461481536e+02
1.811600000000000000e+04 9.615384615384615641e-01 2.727026252732878788e+02
1.811700000000000000e+04 2.941176470588235253e-02 2.071021158755098384e+02
1.811800000000000000e+04 5.882352941176470507e-02 2.085390570712447413e+02
1.811900000000000000e+04 8.823529411764706454e-02 2.107358501884954194e+02
1.812000000000000000e+04 1.176470588235294101e-01 2.127264531122348785e+02
1.812100000000000000e+04 1.470588235294117696e-01 2.151095813085348425e+02
1.812200000000000000e+04 1.764705882352941291e-01 2.183243285769838167e+02
1.812300000000000000e+04 2.058823529411764608e-01 2.203566179264613822e+02
1.812400000000000000e+04 2.352941176470588203e-01 2.222512682899849494e+02
1.812500000000000000e+04 2.647058823529411797e-01 2.233359341371471203e+02
1.812600000000000000e+04 2.941176470588235392e-01 2.257961170571756213e+02
1.812700000000000000e+04 3.235294117647058987e-01 2.273272604208094663e+02
1.812800000000000000e+04 3.529411764705882582e-01 2.289315982904616362e+02
1.812900000000000000e+04 3.823529411764705621e-01 2.306785384726086932e+02
1.813000000000000000e+04 4.117647058823529216e-01 2.328109783896989597e+02
1.813100000000000000e+04 4.411764705882352811e-01 2.344806190696058650e+02
1.813200000000000000e+04 4.705882352941176405e-01 2.358322477168311195e+02
1.813300000000000000e+04 5.000000000000000000e-01 2.379545342196388731e+02
1.813400000000000000e+04 5.294117647058823595e-01 2.392693726127503737e+02
1.813500000000000000e+04 5.588235294117647189e-01 2.401690747912516883e+02
1.813600000000000000e+04 5.882352941176470784e-01 2.413551607915063073e+02
1.813700000000000000e+04 6.176470588235294379e-01 2.428975291003093844e+02
1.813800000000000000e+04 6.470588235294117974e-01 2.441954119917907349e+02
1.813900000000000000e+04 6.764705882352941568e-01 2.452381967250890398e+02
1.814000000000000000e+04 7.058823529411765163e-01 2.459241996405347379e+02
1.814100000000000000e+04 7.352941176470588758e-01 2.470444228325817448e+02
1.814200000000000000e+04 7.647058823529411242e-01 2.478717679842566781e+02
1.814300000000000000e+04 7.941176470588234837e-01 2.490437748101753641e+02
1.814400000000000000e+04 8.235294117647058432e-01 2.498007424448863958e+02
1.814500000000000000e+04 8.529411764705882026e-01 2.503807424448863799e+02
1.814600000000000000e+04 8.823529411764705621e-01 2.512193722797956923e+02
1.814700000000000000e+04 9.117647058823529216e-01 2.523313524954470211e+02
1.814800000000000000e+04 9.411764705882352811e-01 2.531857528699787849e+02
1.814900000000000000e+04 9.705882352941176405e-01 2.549497540037652641e+02
1.821900000000000000e+04 6.930693069306930187e-01 1.217451347241339619e+02
1.822000000000000000e+04 7.029702970297029285e-01 1.229563324784251392e+02
1.822100000000000000e+04 7.128712871287128383e-01 1.247780075317757706e+02
1.822200000000000000e+04 7.227722772277227481e-01 1.266218621898223233e+02
1.822300000000000000e+04 7.326732673267326579e-01 1.285863977583473741e+02
1.822400000000000000e+04 7.425742574257425677e-01 1.311865900589282319e+02
1.822500000000000000e+04 7.524752475247524774e-01 1.326982117047113263e+02
1.822600000000000000e+04 7.623762376237623872e-01 1.338145449882785556e+02
1.822700000000000000e+04 7.722772277227722970e-01 1.358362769190745212e+02
1.822800000000000000e+04 7.821782178217822068e-01 1.375081022688045778e+02
1.822900000000000000e+04 7.920792079207921166e-01 1.390380042264476117e+02
1.823000000000000000e+04 8.019801980198020264e-01 1.408244532181627449e+02
1.823100000000000000e+04 8.118811881188119361e-01 1.416547941180346015e+02
1.823200000000000000e+04 8.217821782178217349e-01 1.438847941180345913e+02
1.823300000000000000e+04 8.316831683168316447e-01 1.467365128979987219e+02
1.823400000000000000e+04 8.415841584158415545e-01 1.479220085749203975e+02
1.823500000000000000e+04 8.514851485148514643e-01 1.489702928874997667e+02
1.823600000000000000e+04 8.613861386138613740e-01 1.504591179275901140e+02
1.823700000000000000e+04 8.712871287128712838e-01 1.527009475375292880e+02
1.823800000000000000e+04 8.811881188118811936e-01 1.539792667464907936e+02
1.823900000000000000e+04 8.910891089108911034e-01 1.556170090949693190e+02
1.824000000000000000e+04 9.009900990099010132e-01 1.576778341724564996e+02
1.824100000000000000e+04 9.108910891089109230e-01 1.593229785430209802e+02
1.824200000000000000e+04 9.207920792079208328e-01 1.609336305848971733e+02
1.824300000000000000e+04 9.306930693069307425e-01 1.629072820232215975e+02
1.824400000000000000e+04 9.405940594059405413e-01 1.652131224340046174e+02
1.824500000000000000e+04 9.504950495049504511e-01 1.667829313395724284e+02
1.824600000000000000e+04 9.603960396039603609e-01 1.697255322299413649e+02
1.824700000000000000e+04 9.702970297029702706e-01 1.713982246702901477e+02
1.824800000000000000e+04 9.801980198019801804e-01 1.736570960699054353e+02
1.824900000000000000e+04 9.900990099009900902e-01 1.758916877552027813e+02
1.825000000000000000e+04 2.127659574468085055e-02 1.779728653064943558e+02
1.825100000000000000e+04 4.255319148936170109e-02 1.786350586317400939e+02
1.825200000000000000e+04 6.382978723404254817e-02 1.801281426883156200e+02
1.825300000000000000e+04 8.510638297872340219e-02 1.807784503078311786e+02
1.825400000000000000e+04 1.063829787234042562e-01 1.818631161549933211e+02
1.825500000000000000e+04 1.276595744680850963e-01 1.828107447742318925e+02
1.825600000000000000e+04 1.489361702127659504e-01 1.840192976278547690e+02
1.825700000000000000e+04 1.702127659574468044e-01 1.848709430939966296e+02
1.825800000000000000e+04 1.914893617021276584e-01 1.859220853298524787e+02
1.825900000000000000e+04 2.127659574468085124e-01 1.866766713090490271e+02
1.826000000000000000e+04 2.340425531914893664e-01 1.879526415281372351e+02
1.826100000000000000e+04 2.553191489361701927e-01 1.887690972832152454e+02
1.826200000000000000e+04 2.765957446808510745e-01 1.897792952836092297e+02
1.826300000000000000e+04 2.978723404255319007e-01 1.908008627067389966e+02
1.826400000000000000e+04 3.191489361702127825e-01 1.924785098686893150e+02
1.826500000000000000e+04 3.404255319148936088e-01 1.952151318740090176e+02
1.826600000000000000e+04 3.617021276595744905e-01 1.970802055990933468e+02
1.826700000000000000e+04 3.829787234042553168e-01 1.984663513345771833e+02
1.826800000000000000e+04 4.042553191489361430e-01 2.007192605648836548e+02
1.826900000000000000e+04 4.255319148936170248e-01 2.019229631859657843e+02
1.827000000000000000e+04 4.468085106382978511e-01 2.034599732705130748e+02
1.827100000000000000e+04 4.680851063829787329e-01 2.046460592707676938e+02
1.827200000000000000e+04 4.893617021276595591e-01 2.054218169648964647e+02
1.827300000000000000e+04 5.106382978723403854e-01 2.071188143131560366e+02
1.827400000000000000e+04 5.319148936170212671e-01 2.081879260940283416e+02
1.827500000000000000e+04 5.531914893617021489e-01 2.091849717298946132e+02
1.827600000000000000e+04 5.744680851063830307e-01 2.100765433759220286e+02
1.827700000000000000e+04 5.957446808510638014e-01 2.114545854652646995e+02
1.827800000000000000e+04 6.170212765957446832e-01 2.127501548381660825e+02
1.827900000000000000e+04 6.382978723404255650e-01 2.141422396057000128e+02
1.828000000000000000e+04 6.595744680851063357e-01 2.149125642126028310e+02
1.828100000000000000e+04 6.808510638297872175e-01 2.158025642126028458e+02
1.828200000000000000e+04 7.021276595744680993e-01 2.168407838425463297e+02
1.828300000000000000e+04 7.234042553191489811e-01 2.176651017423883729e+02
1.828400000000000000e+04 7.446808510638297518e-01 2.194286493034141756e+02
1.828500000000000000e+04 7.659574468085106336e-01 2.199377661858684689e+02
1.828600000000000000e+04 7.872340425531915153e-01 2.214385992878488310e+02
1.828700000000000000e+04 8.085106382978722861e-01 2.221211679657120897e+02
1.828800000000000000e+04 8.297872340425531679e-01 2.233255765342634618e+02
1.828900000000000000e+04 8.510638297872340496e-01 2.243042491046361988e+02
1.829000000000000000e+04 8.723404255319149314e-01 2.254844609500266870e+02
1.829100000000000000e+04 8.936170212765957022e-01 2.260725935881280009e+02
1.829200000000000000e+04 9.148936170212765839e-01 2.264425935881280054e+02
1.829300000000000000e+04 9.361702127659574657e-01 2.276331396813138213e+02
1.829400000000000000e+04 9.574468085106383475e-01 2.285834028027701663e+02
1.829500000000000000e+04 9.787234042553191182e-01 2.299403847481180208e+02
1.829600000000000000e+04 2.500000000000000000e-01 1.773077386017475021e+02
1.829700000000000000e+04 5.000000000000000000e-01 1.792115505672524876e+02
1.829800000000000000e+04 7.500000000000000000e-01 1.799302994802951332e+02
1.829900000000000000e+04 3.448275862068965469e-02 1.812138102905339849e+02
1.830000000000000000e+04 6.896551724137930939e-02 1.827224852058155875e+02
1.830100000000000000e+04 1.034482758620689641e-01 1.838062287179068903e+02
1.830200000000000000e+04 1.379310344827586188e-01 1.860174048755207536e+02
1.830300000000000000e+04 1.724137931034482873e-01 1.887650766171958594e+02
1.830400000000000000e+04 2.068965517241379282e-01 1.910450985469149714e+02
1.830500000000000000e+04 2.413793103448275967e-01 1.929631704955133387e+02
1.830600000000000000e+04 2.758620689655172376e-01 1.943360870989529019e+02
1.830700000000000000e+04 3.103448275862069061e-01 1.960858585125952516e+02
1.830800000000000000e+04 3.448275862068965747e-01 1.978829116559385284e+02
1.830900000000000000e+04 3.793103448275861878e-01 1.993106721400534411e+02
1.831000000000000000e+04 4.137931034482758563e-01 2.011904061637918915e+02
1.831100000000000000e+04 4.482758620689655249e-01 2.021525392107245978e+02
1.831200000000000000e+04 4.827586206896551935e-01 2.036794642252554297e+02
1.831300000000000000e+04 5.172413793103448620e-01 2.057899617969195276e+02
1.831400000000000000e+04 5.517241379310344751e-01 2.072658344201495879e+02
1.831500000000000000e+04 5.862068965517240882e-01 2.087442795493309120e+02
1.831600000000000000e+04 6.206896551724138122e-01 2.100573675128733271e+02
1.831700000000000000e+04 6.551724137931034253e-01 2.109088368311696513e+02
1.831800000000000000e+04 6.896551724137931494e-01 2.126671030226207506e+02
1.831900000000000000e+04 7.241379310344827624e-01 2.141195492350499876e+02
1.832000000000000000e+04 7.586206896551723755e-01 2.152942832474970487e+02
1.832100000000000000e+04 7.931034482758620996e-01 2.168108913049726709e+02
1.832200000000000000e+04 8.275862068965517127e-01 2.181993436808213858e+02
1.832300000000000000e+04 8.620689655172413257e-01 2.196117529699440638e+02
1.832400000000000000e+04 8.965517241379310498e-01 2.213505168987164495e+02
1.832500000000000000e+04 9.310344827586206629e-01 2.229976659508668604e+02
1.832600000000000000e+04 9.655172413793103869e-01 2.247909311292495715e+02
1.832700000000000000e+04 4.761904761904761640e-02 2.256425765953914322e+02
1.832800000000000000e+04 9.523809523809523281e-02 2.283121271193560915e+02
1.832900000000000000e+04 1.428571428571428492e-01 2.294045556067180769e+02
1.833000000000000000e+04 1.904761904761904656e-01 2.304177189696561641e+02
1.833100000000000000e+04 2.380952380952380820e-01 2.321499141087787734e+02
1.833200000000000000e+04 2.857142857142856984e-01 2.340559571303289204e+02
1.833300000000000000e+04 3.333333333333333148e-01 2.357703083195547435e+02
1.833400000000000000e+04 3.809523809523809312e-01 2.365238333689061108e+02
1.833500000000000000e+04 4.285714285714285476e-01 2.372946121958078436e+02
1.833600000000000000e+04 4.761904761904761640e-01 2.384827620180104191e+02
1.833700000000000000e+04 5.238095238095238360e-01 2.409509597410464039e+02
1.833800000000000000e+04 5.714285714285713969e-01 2.424037501595170170e+02
1.833900000000000000e+04 6.190476190476190688e-01 2.434541501595170132e+02
1.834000000000000000e+04 6.666666666666666297e-01 2.443056194778133374e+02
1.834100000000000000e+04 7.142857142857143016e-01 2.453100098401725120e+02
1.834200000000000000e+04 7.619047619047618625e-01 2.462931171588310804e+02
1.834300000000000000e+04 8.095238095238095344e-01 2.479798299381743902e+02
1.834400000000000000e+04 8.571428571428570953e-01 2.489143351548532337e+02
1.834500000000000000e+04 9.047619047619047672e-01 2.497343351548532269e+02
1.834600000000000000e+04 9.523809523809523281e-01 2.503482569739800567e+02
1.834700000000000000e+04 5.263157894736841813e-02 2.258314598410110534e+02
1.834800000000000000e+04 1.052631578947368363e-01 2.266204465329140021e+02
1.834900000000000000e+04 1.578947368421052544e-01 2.274817827042199667e+02
1.835000000000000000e+04 2.105263157894736725e-01 2.282455889623770986e+02
1.835100000000000000e+04 2.631578947368420907e-01 2.302130238405878231e+02
1.835200000000000000e+04 3.157894736842105088e-01 2.314927503738753103e+02
1.835300000000000000e+04 3.684210526315789269e-01 2.333359541065103997e+02
1.835400000000000000e+04 4.210526315789473450e-01 2.340222485039813591e+02
1.835500000000000000e+04 4.736842105263157632e-01 2.347751761233446075e+02
1.835600000000000000e+04 5.263157894736841813e-01 2.360946457137482639e+02
1.835700000000000000e+04 5.789473684210526550e-01 2.377116491151052458e+02
1.835800000000000000e+04 6.315789473684210176e-01 2.390699200748183557e+02
1.835900000000000000e+04 6.842105263157894912e-01 2.407562177946768713e+02
1.836000000000000000e+04 7.368421052631578538e-01 2.419873960920814397e+02
1.836100000000000000e+04 7.894736842105263275e-01 2.432846624486944336e+02
1.836200000000000000e+04 8.421052631578946901e-01 2.444121375038508575e+02
1.836300000000000000e+04 8.947368421052631637e-01 2.462094966777501668e+02
1.836400000000000000e+04 9.473684210526315264e-01 2.468903050208247691e+02
1.836500000000000000e+04 6.666666666666666574e-02 2.481207114577390200e+02
1.836600000000000000e+04 1.333333333333333315e-01 2.503937710698037904e+02
1.836700000000000000e+04 2.000000000000000111e-01 2.510823928818312538e+02
1.836800000000000000e+04 2.666666666666666630e-01 2.521538405007095776e+02
1.836900000000000000e+04 3.333333333333333148e-01 2.527499948431411383e+02
1.837000000000000000e+04 4.000000000000000222e-01 2.535402479671463425e+02
1.837100000000000000e+04 4.666666666666666741e-01 2.543714519132389853e+02
1.837200000000000000e+04 5.333333333333333259e-01 2.553484882482849230e+02
1.837300000000000000e+04 5.999999999999999778e-01 2.562099985500225330e+02
1.837400000000000000e+04 6.666666666666666297e-01 2.573738284344987619e+02
1.837500000000000000e+04 7.333333333333332815e-01 2.584285795899851905e+02
1.837600000000000000e+04 8.000000000000000444e-01 2.593938774714704891e+02
1.837700000000000000e+04 8.666666666666666963e-01 2.604146125007508203e+02
1.837800000000000000e+04 9.333333333333333481e-01 2.610190130302012790e+02
1.837900000000000000e+04 2.000000000000000111e-01 2.622849119203185069e+02
1.838000000000000000e+04 4.000000000000000222e-01 2.634650813996730676e+02
1.838100000000000000e+04 5.999999999999999778e-01 2.644057726348825668e+02
1.838200000000000000e+04 8.000000000000000444e-01 2.653567721091200724e+02
1.838300000000000000e+04 3.333333333333333148e-01 2.622242515957973410e+02
1.838400000000000000e+04 6.666666666666666297e-01 2.633192401802127165e+02
1.838500000000000000e+04 7.692307692307692735e-02 2.478770167315082915e+02
1.838600000000000000e+04 1.538461538461538547e-01 2.487564483661451220e+02
1.838700000000000000e+04 2.307692307692307820e-01 2.494441983207071019e+02
1.838800000000000000e+04 3.076923076923077094e-01 2.502254793200920915e+02
1.838900000000000000e+04 3.846153846153846367e-01 2.514036558773194088e+02
1.839000000000000000e+04 4.615384615384615641e-01 2.521787687723224565e+02
1.839100000000000000e+04 5.384615384615384359e-01 2.530647710296559296e+02
1.839200000000000000e+04 6.153846153846154188e-01 2.540401683845836374e+02
1.839300000000000000e+04 6.923076923076922906e-01 2.551116160034619611e+02
1.839400000000000000e+04 7.692307692307692735e-01 2.558275070566257909e+02
1.839500000000000000e+04 8.461538461538461453e-01 2.569129784565254226e+02
1.839600000000000000e+04 9.230769230769231282e-01 2.579029279501866085e+02
1.839700000000000000e+04 1.562500000000000000e-02 1.811835751881902468e+02
1.839800000000000000e+04 3.125000000000000000e-02 1.821615833681151457e+02
1.839900000000000000e+04 4.687500000000000000e-02 1.829270244174455229e+02
1.840000000000000000e+04 6.250000000000000000e-02 1.848211205079330455e+02
1.840100000000000000e+04 7.812500000000000000e-02 1.858243652437776916e+02
1.840200000000000000e+04 9.375000000000000000e-02 1.873625459873835837e+02
1.840300000000000000e+04 1.093750000000000000e-01 1.883566284789304461e+02
1.840400000000000000e+04 1.250000000000000000e-01 1.899950118284552047e+02
1.840500000000000000e+04 1.406250000000000000e-01 1.919679537941500769e+02
1.840600000000000000e+04 1.562500000000000000e-01 1.928595254401774639e+02
1.840700000000000000e+04 1.718750000000000000e-01 1.945821687578726937e+02
1.840800000000000000e+04 1.875000000000000000e-01 1.965764104683982794e+02
1.840900000000000000e+04 2.031250000000000000e-01 1.986872633765849230e+02
1.841000000000000000e+04 2.187500000000000000e-01 2.008365423254419682e+02
1.841100000000000000e+04 2.343750000000000000e-01 2.021284401542194473e+02
1.841200000000000000e+04 2.500000000000000000e-01 2.032681769659439794e+02
1.841300000000000000e+04 2.656250000000000000e-01 2.049914587188793575e+02
1.841400000000000000e+04 2.812500000000000000e-01 2.059459219187985468e+02
1.841500000000000000e+04 2.968750000000000000e-01 2.074253136857081756e+02
1.841600000000000000e+04 3.125000000000000000e-01 2.091743133998305098e+02
1.841700000000000000e+04 3.281250000000000000e-01 2.107828220258564897e+02
1.841800000000000000e+04 3.437500000000000000e-01 2.116493668890921072e+02
1.841900000000000000e+04 3.593750000000000000e-01 2.133027271039273103e+02
1.842000000000000000e+04 3.750000000000000000e-01 2.146168808240072963e+02
1.842100000000000000e+04 3.906250000000000000e-01 2.161697813359525924e+02
1.842200000000000000e+04 4.062500000000000000e-01 2.179200955934503554e+02
1.842300000000000000e+04 4.218750000000000000e-01 2.189583152233938677e+02
1.842400000000000000e+04 4.375000000000000000e-01 2.199744845006306946e+02
1.842500000000000000e+04 4.531250000000000000e-01 2.215251295277081169e+02
1.842600000000000000e+04 4.687500000000000000e-01 2.228238211770229213e+02
1.842700000000000000e+04 4.843750000000000000e-01 2.237098234343563945e+02
1.842800000000000000e+04 5.000000000000000000e-01 2.251398583989639235e+02
1.842900000000000000e+04 5.156250000000000000e-01 2.258769472674187284e+02
1.843000000000000000e+04 5.312500000000000000e-01 2.265270241859445264e+02
1.843100000000000000e+04 5.468750000000000000e-01 2.274083867674057728e+02
1.843200000000000000e+04 5.625000000000000000e-01 2.284209577525717521e+02
1.843300000000000000e+04 5.781250000000000000e-01 2.298551822817163384e+02
1.843400000000000000e+04 5.937500000000000000e-01 2.313980043712652162e+02
1.843500000000000000e+04 6.093750000000000000e-01 2.326261737406927352e+02
1.843600000000000000e+04 6.250000000000000000e-01 2.340366346582653989e+02
1.843700000000000000e+04 6.406250000000000000e-01 2.347909555448912329e+02
1.843800000000000000e+04 6.562500000000000000e-01 2.357309555448912306e+02
1.843900000000000000e+04 6.718750000000000000e-01 2.376404319129042051e+02
1.844000000000000000e+04 6.875000000000000000e-01 2.385012454815704928e+02
1.844100000000000000e+04 7.031250000000000000e-01 2.394363390597753494e+02
1.844200000000000000e+04 7.187500000000000000e-01 2.410262132686359280e+02
1.844300000000000000e+04 7.343750000000000000e-01 2.418793252190855583e+02
1.844400000000000000e+04 7.500000000000000000e-01 2.427094456922700374e+02
1.844500000000000000e+04 7.656250000000000000e-01 2.437833171929627269e+02
1.844600000000000000e+04 7.812500000000000000e-01 2.443700027987176497e+02
1.844700000000000000e+04 7.968750000000000000e-01 2.455502146441081379e+02
1.844800000000000000e+04 8.125000000000000000e-01 2.465090159791092788e+02
1.844900000000000000e+04 8.281250000000000000e-01 2.472584824560113645e+02
1.845000000000000000e+04 8.437500000000000000e-01 2.482663018842821145e+02
1.845100000000000000e+04 8.593750000000000000e-01 2.489085635132153698e+02
1.845200000000000000e+04 8.750000000000000000e-01 2.497973266987715704e+02
1.845300000000000000e+04 8.906250000000000000e-01 2.508640037820540556e+02
1.845400000000000000e+04 9.062500000000000000e-01 2.521427922712108796e+02
1.845500000000000000e+04 9.218750000000000000e-01 2.529153853076796281e+02
1.845600000000000000e+04 9.375000000000000000e-01 2.537727067176537332e+02
1.845700000000000000e+04 9.531250000000000000e-01 2.547631106756426220e+02
1.845800000000000000e+04 9.687500000000000000e-01 2.553269368900030258e+02
1.845900000000000000e+04 9.843750000000000000e-01 2.574289359385280136e+02
