4.405900000000000000e+04 5.263157894736841813e-02 2.213887982712765989e+00
4.406000000000000000e+04 1.052631578947368363e-01 5.123973892097574812e+00
4.406100000000000000e+04 1.578947368421052544e-01 7.625353511427675812e+00
4.406200000000000000e+04 2.105263157894736725e-01 1.078367585089842606e+01
4.406300000000000000e+04 2.631578947368420907e-01 1.331920340941558933e+01
4.406400000000000000e+04 3.157894736842105088e-01 1.517621714119034593e+01
4.406500000000000000e+04 3.684210526315789269e-01 1.792645349466980775e+01
4.406600000000000000e+04 4.210526315789473450e-01 2.007598832806981548e+01
4.406700000000000000e+04 4.736842105263157632e-01 2.357733092770213190e+01
4.406800000000000000e+04 5.263157894736841813e-01 2.701327330207339017e+01
4.406900000000000000e+04 5.789473684210526550e-01 2.928958611010307678e+01
4.407000000000000000e+04 6.315789473684210176e-01 3.213384348242366428e+01
4.407100000000000000e+04 6.842105263157894912e-01 3.583276224335907756e+01
4.407200000000000000e+04 7.368421052631578538e-01 3.822986466086234003e+01
4.407300000000000000e+04 7.894736842105263275e-01 4.068809573218171494e+01
4.407400000000000000e+04 8.421052631578946901e-01 4.245402325051308878e+01
4.407500000000000000e+04 8.947368421052631637e-01 4.492841206393752884e+01
4.407600000000000000e+04 9.473684210526315264e-01 4.731441290216034901e+01
4.407700000000000000e+04 1.428571428571428492e-01 4.855642739482941295e+01
4.407800000000000000e+04 2.857142857142856984e-01 5.002632535047123241e+01
4.407900000000000000e+04 4.285714285714285476e-01 5.192932298578242722e+01
4.408000000000000000e+04 5.714285714285713969e-01 5.359275317668314642e+01
4.408100000000000000e+04 7.142857142857143016e-01 5.564460599791570417e+01
4.408200000000000000e+04 8.571428571428570953e-01 5.840679715712246889e+01
4.408300000000000000e+04 5.000000000000000000e-01 5.926172405458213177e+01
4.408400000000000000e+04 3.333333333333333148e-01 6.161659135445276547e+01
4.408500000000000000e+04 6.666666666666666297e-01 6.302942538575297249e+01
4.408600000000000000e+04 6.250000000000000000e-02 6.493481248553086971e+01
4.408700000000000000e+04 1.250000000000000000e-01 6.575931233392381614e+01
4.408800000000000000e+04 1.875000000000000000e-01 6.778739024169757954e+01
4.408900000000000000e+04 2.500000000000000000e-01 6.931270988033074332e+01
4.409000000000000000e+04 3.125000000000000000e-01 7.249831814249984063e+01
4.409100000000000000e+04 3.750000000000000000e-01 7.389938916139931280e+01
4.409200000000000000e+04 4.375000000000000000e-01 7.543821988633301601e+01
4.409300000000000000e+04 5.000000000000000000e-01 7.765680051367112924e+01
4.409400000000000000e+04 5.625000000000000000e-01 7.932754884899874526e+01
4.409500000000000000e+04 6.250000000000000000e-01 8.191029932087944587e+01
4.409600000000000000e+04 6.875000000000000000e-01 8.408343070208951531e+01
4.409700000000000000e+04 7.500000000000000000e-01 8.632722213624732888e+01
4.409800000000000000e+04 8.125000000000000000e-01 8.845797317754708899e+01
4.409900000000000000e+04 8.750000000000000000e-01 8.996070402503774233e+01
4.410000000000000000e+04 9.375000000000000000e-01 9.234796186616006253e+01
4.410100000000000000e+04 2.500000000000000000e-01 9.397283109166714610e+01
4.410200000000000000e+04 5.000000000000000000e-01 9.518596752257671767e+01
4.410300000000000000e+04 7.500000000000000000e-01 9.688720236821092158e+01
4.410400000000000000e+04 5.000000000000000000e-01 9.884250285662695035e+01
4.410500000000000000e+04 2.500000000000000000e-01 9.999058821930692886e+01
4.410600000000000000e+04 5.000000000000000000e-01 1.008207086924913938e+02
4.410700000000000000e+04 7.500000000000000000e-01 1.019968464395261520e+02
4.410800000000000000e+04 1.666666666666666574e-01 1.029772035173299400e+02
4.410900000000000000e+04 3.333333333333333148e-01 1.042091126048846945e+02
4.411000000000000000e+04 5.000000000000000000e-01 1.052121579677671548e+02
4.411100000000000000e+04 6.666666666666666297e-01 1.065225014341911276e+02
4.411200000000000000e+04 8.333333333333333703e-01 1.076158906604047445e+02
4.411300000000000000e+04 3.333333333333333148e-01 1.082418299545858957e+02
4.411400000000000000e+04 6.666666666666666297e-01 1.094013557197157525e+02
4.411500000000000000e+04 2.000000000000000111e-01 1.099108652878300347e+02
4.411600000000000000e+04 4.000000000000000222e-01 1.103104901118837944e+02
4.411700000000000000e+04 5.999999999999999778e-01 1.109125698408234086e+02
4.411800000000000000e+04 8.000000000000000444e-01 1.117790570017207870e+02
4.411900000000000000e+04 5.000000000000000000e-01 1.109383658042630145e+02
4.412000000000000000e+04 5.000000000000000000e-01 1.131729351139958766e+02
4.412100000000000000e+04 5.000000000000000000e-01 1.144610733053402640e+02
4.412200000000000000e+04 2.500000000000000000e-01 1.159336900239741368e+02
4.412300000000000000e+04 5.000000000000000000e-01 1.171658426119274310e+02
4.412400000000000000e+04 7.500000000000000000e-01 1.187187431238727413e+02
4.449900000000000000e+04 3.333333333333333148e-01 1.193426822234650047e+02
4.450100000000000000e+04 3.333333333333333148e-01 1.194730640104985753e+02
4.450300000000000000e+04 5.000000000000000000e-01 1.155120252547651631e+02
4.450400000000000000e+04 3.333333333333333148e-01 1.137006661060742232e+02
4.450500000000000000e+04 6.666666666666666297e-01 1.149953475340710867e+02
4.450600000000000000e+04 3.333333333333333148e-01 1.114616248223410651e+02
4.450700000000000000e+04 6.666666666666666297e-01 1.122918657512285847e+02
4.450800000000000000e+04 5.000000000000000000e-01 1.083558906604047394e+02
4.450900000000000000e+04 2.500000000000000000e-01 1.026413617612990379e+02
4.451000000000000000e+04 5.000000000000000000e-01 1.031862470703320440e+02
4.451100000000000000e+04 7.500000000000000000e-01 1.038231929079038167e+02
4.451200000000000000e+04 1.666666666666666574e-01 1.000743307666858186e+02
4.451300000000000000e+04 3.333333333333333148e-01 1.017012296572134318e+02
4.451400000000000000e+04 5.000000000000000000e-01 1.039758065409436796e+02
4.451500000000000000e+04 6.666666666666666297e-01 1.056625193202869752e+02
4.451600000000000000e+04 8.333333333333333703e-01 1.072322645225411435e+02
4.451700000000000000e+04 3.333333333333333148e-01 1.079182674379868416e+02
4.451800000000000000e+04 6.666666666666666297e-01 1.085804607632325798e+02
4.451900000000000000e+04 5.000000000000000000e-01 1.089048971779679107e+02
4.452000000000000000e+04 3.333333333333333148e-01 1.095909000934136088e+02
4.452100000000000000e+04 6.666666666666666297e-01 1.100760804722419408e+02
4.452200000000000000e+04 2.500000000000000000e-01 1.097759310464253986e+02
4.452300000000000000e+04 5.000000000000000000e-01 1.115030095044000120e+02
4.452400000000000000e+04 7.500000000000000000e-01 1.129133640697487380e+02
4.452500000000000000e+04 2.500000000000000000e-01 1.136017680209285601e+02
4.452600000000000000e+04 5.000000000000000000e-01 1.145045415251919536e+02
4.452700000000000000e+04 7.500000000000000000e-01 1.148369569279638540e+02
4.452800000000000000e+04 3.333333333333333148e-01 1.142976328297805395e+02
4.452900000000000000e+04 6.666666666666666297e-01 1.177112672566048417e+02
4.525200000000000000e+04 3.333333333333333148e-01 1.184512672566048366e+02
4.525300000000000000e+04 6.666666666666666297e-01 1.189675036365704415e+02
4.525400000000000000e+04 2.000000000000000111e-01 9.806520915936282279e+01
4.525500000000000000e+04 4.000000000000000222e-01 9.872988953367817544e+01
4.525600000000000000e+04 5.999999999999999778e-01 9.932394340328934845e+01
4.525700000000000000e+04 8.000000000000000444e-01 1.002779350175082556e+02
4.525800000000000000e+04 3.333333333333333148e-01 9.308890720827376697e+01
4.525900000000000000e+04 6.666666666666666297e-01 9.363562468558723140e+01
4.526000000000000000e+04 3.333333333333333148e-01 6.378374627237882066e+01
4.526100000000000000e+04 6.666666666666666297e-01 6.429891614727446836e+01
4.526200000000000000e+04 5.000000000000000000e-01 6.031666481121256851e+01
4.526300000000000000e+04 3.333333333333333148e-01 5.907858581436520495e+01
4.526400000000000000e+04 6.666666666666666297e-01 5.949739364619264137e+01
4.526500000000000000e+04 8.333333333333332871e-02 4.847406802330628750e+01
4.526600000000000000e+04 1.666666666666666574e-01 5.012552192820342611e+01
4.526700000000000000e+04 2.500000000000000000e-01 5.252158119291287619e+01
4.526800000000000000e+04 3.333333333333333148e-01 5.457715897057053667e+01
4.526900000000000000e+04 4.166666666666666852e-01 5.650002142014928808e+01
4.527000000000000000e+04 5.000000000000000000e-01 5.744002142014928580e+01
4.527100000000000000e+04 5.833333333333333703e-01 5.882078208007554565e+01
4.527200000000000000e+04 6.666666666666666297e-01 6.189728984050781690e+01
4.527300000000000000e+04 7.500000000000000000e-01 6.300710964570143346e+01
4.527400000000000000e+04 8.333333333333333703e-01 6.444342437444301197e+01
4.527500000000000000e+04 9.166666666666666297e-01 6.639590996978040494e+01
4.527600000000000000e+04 4.545454545454545581e-02 6.834662778638023894e+01
4.527700000000000000e+04 9.090909090909091161e-02 7.098717697168241614e+01
4.527800000000000000e+04 1.363636363636363535e-01 7.394942274136460014e+01
4.527900000000000000e+04 1.818181818181818232e-01 7.584367721212612423e+01
4.528000000000000000e+04 2.272727272727272652e-01 7.722603027845903512e+01
4.528100000000000000e+04 2.727272727272727071e-01 7.898483669191107026e+01
4.528200000000000000e+04 3.181818181818181768e-01 8.023623590878791845e+01
4.528300000000000000e+04 3.636363636363636465e-01 8.169928067912134395e+01
4.528400000000000000e+04 4.090909090909091161e-01 8.323140338961160012e+01
4.528500000000000000e+04 4.545454545454545303e-01 8.647203604389378029e+01
4.528600000000000000e+04 5.000000000000000000e-01 8.928050537789050622e+01
4.528700000000000000e+04 5.454545454545454142e-01 9.190945954257273343e+01
4.528800000000000000e+04 5.909090909090909394e-01 9.395430672512696901e+01
4.528900000000000000e+04 6.363636363636363535e-01 9.601452516014788330e+01
4.529000000000000000e+04 6.818181818181817677e-01 9.758942198216512054e+01
4.529100000000000000e+04 7.272727272727272929e-01 9.917570695025881378e+01
4.529200000000000000e+04 7.727272727272727071e-01 1.006518167022759229e+02
4.529300000000000000e+04 8.181818181818182323e-01 1.038065116162097610e+02
4.529400000000000000e+04 8.636363636363636465e-01 1.065283492307635811e+02
4.529500000000000000e+04 9.090909090909090606e-01 1.081024839136925806e+02
4.529600000000000000e+04 9.545454545454545858e-01 1.098211461841808756e+02
4.529700000000000000e+04 1.000000000000000056e-01 1.122028052697764622e+02
4.529800000000000000e+04 2.000000000000000111e-01 1.146287483853502778e+02
4.529900000000000000e+04 2.999999999999999889e-01 1.159325121676360055e+02
4.530000000000000000e+04 4.000000000000000222e-01 1.172150487168228068e+02
4.530100000000000000e+04 5.000000000000000000e-01 1.183459333263210453e+02
4.530200000000000000e+04 5.999999999999999778e-01 1.190106137006363980e+02
4.566100000000000000e+04 7.692307692307692735e-02 1.104858265584962282e+02
4.566200000000000000e+04 1.538461538461538547e-01 1.114717271620055214e+02
4.566300000000000000e+04 2.307692307692307820e-01 1.123357294768172352e+02
4.566400000000000000e+04 3.076923076923077094e-01 1.134952552419471061e+02
4.566500000000000000e+04 3.846153846153846367e-01 1.145794139019226634e+02
4.566600000000000000e+04 4.615384615384615641e-01 1.150494139019226623e+02
4.566700000000000000e+04 5.384615384615384359e-01 1.157077451255479730e+02
4.566800000000000000e+04 6.153846153846154188e-01 1.165860958527634779e+02
4.566900000000000000e+04 6.923076923076922906e-01 1.172962366838667236e+02
4.567000000000000000e+04 7.692307692307692735e-01 1.184655527232675354e+02
4.567100000000000000e+04 8.461538461538461453e-01 1.189676483316928568e+02
4.567200000000000000e+04 9.230769230769231282e-01 1.193864561635202932e+02
4.567300000000000000e+04 3.333333333333333148e-01 6.723905882970966275e+01
4.567400000000000000e+04 6.666666666666666297e-01 6.794361542786199948e+01
