2.747800000000000000e+04 7.037037037037037202e-01 1.213330093615347636e+02
2.747900000000000000e+04 7.222222222222222099e-01 1.241657112519566937e+02
2.748000000000000000e+04 7.407407407407406996e-01 1.259976501155654063e+02
2.748100000000000000e+04 7.592592592592593004e-01 1.273220745188440617e+02
2.748200000000000000e+04 7.777777777777777901e-01 1.293619519661432946e+02
2.748300000000000000e+04 7.962962962962962798e-01 1.317466741721874257e+02
2.748400000000000000e+04 8.148148148148147696e-01 1.328979343512955325e+02
2.748500000000000000e+04 8.333333333333333703e-01 1.343146912111695315e+02
2.748600000000000000e+04 8.518518518518518601e-01 1.366925263610485217e+02
2.748700000000000000e+04 8.703703703703703498e-01 1.391886233142937215e+02
2.748800000000000000e+04 8.888888888888888395e-01 1.410445597356185488e+02
2.748900000000000000e+04 9.074074074074074403e-01 1.430861522512788326e+02
2.749000000000000000e+04 9.259259259259259300e-01 1.456724236987490997e+02
2.749100000000000000e+04 9.444444444444444198e-01 1.469903766569384231e+02
2.749200000000000000e+04 9.629629629629629095e-01 1.484047669849596502e+02
2.749300000000000000e+04 9.814814814814815103e-01 1.492321121366345551e+02
2.749400000000000000e+04 5.000000000000000000e-01 1.513179213321267866e+02
2.749500000000000000e+04 2.500000000000000000e-01 1.514622018209297778e+02
2.749600000000000000e+04 5.000000000000000000e-01 1.533860001471583985e+02
2.749700000000000000e+04 7.500000000000000000e-01 1.553405333395089372e+02
2.749800000000000000e+04 5.000000000000000000e-01 1.573243932135927992e+02
2.749900000000000000e+04 5.000000000000000000e-01 1.571418939363911988e+02
2.750000000000000000e+04 1.000000000000000056e-01 1.586077042924741534e+02
2.750100000000000000e+04 2.000000000000000111e-01 1.608859711776304948e+02
2.750200000000000000e+04 2.999999999999999889e-01 1.618775860222148140e+02
2.750300000000000000e+04 4.000000000000000222e-01 1.638300716175521927e+02
2.750400000000000000e+04 5.000000000000000000e-01 1.657258300409806679e+02
2.750500000000000000e+04 5.999999999999999778e-01 1.679108014366744328e+02
2.750600000000000000e+04 6.999999999999999556e-01 1.702062752439743463e+02
2.750700000000000000e+04 8.000000000000000444e-01 1.723879489134309040e+02
2.750800000000000000e+04 9.000000000000000222e-01 1.753206780178658732e+02
2.750900000000000000e+04 2.500000000000000000e-01 1.767734684363364863e+02
2.751000000000000000e+04 5.000000000000000000e-01 1.777263587763022201e+02
2.751100000000000000e+04 7.500000000000000000e-01 1.791550994805589312e+02
2.751200000000000000e+04 3.333333333333333148e-01 1.767355278332173327e+02
2.751300000000000000e+04 6.666666666666666297e-01 1.780817076131872909e+02
2.751400000000000000e+04 3.333333333333333148e-01 1.794546606349618969e+02
2.751500000000000000e+04 6.666666666666666297e-01 1.804826684170336080e+02
2.751600000000000000e+04 5.000000000000000000e-01 1.794885835849772775e+02
2.751700000000000000e+04 2.500000000000000000e-01 1.807843073209642455e+02
2.751800000000000000e+04 5.000000000000000000e-01 1.815047238671373577e+02
2.751900000000000000e+04 7.500000000000000000e-01 1.825105568552621378e+02
2.752000000000000000e+04 1.428571428571428492e-01 1.807502095200309213e+02
2.752100000000000000e+04 2.857142857142856984e-01 1.824262166799201736e+02
2.752200000000000000e+04 4.285714285714285476e-01 1.834143462260830120e+02
2.752300000000000000e+04 5.714285714285713969e-01 1.846408860745999903e+02
2.752400000000000000e+04 7.142857142857143016e-01 1.862959993637738592e+02
2.752500000000000000e+04 8.571428571428570953e-01 1.878069262316268464e+02
2.752600000000000000e+04 2.500000000000000000e-01 1.892237889631573182e+02
2.752700000000000000e+04 5.000000000000000000e-01 1.894832113985787601e+02
2.752800000000000000e+04 7.500000000000000000e-01 1.899781861454093530e+02
2.752900000000000000e+04 2.500000000000000000e-01 1.892296349157923601e+02
2.753000000000000000e+04 5.000000000000000000e-01 1.910661805863380209e+02
2.753100000000000000e+04 7.500000000000000000e-01 1.925939894749101597e+02
2.753200000000000000e+04 2.500000000000000000e-01 1.935429362595087355e+02
2.753300000000000000e+04 5.000000000000000000e-01 1.943860851194379791e+02
2.753400000000000000e+04 7.500000000000000000e-01 1.957121695813030726e+02
2.753500000000000000e+04 5.000000000000000000e-01 1.941774350849643724e+02
2.753600000000000000e+04 3.333333333333333148e-01 1.961022987164977849e+02
2.753700000000000000e+04 6.666666666666666297e-01 1.971871028462834374e+02
2.753800000000000000e+04 2.000000000000000111e-01 1.961848214453843298e+02
2.753900000000000000e+04 4.000000000000000222e-01 1.983071315075571306e+02
2.754000000000000000e+04 5.999999999999999778e-01 1.998206373714374422e+02
2.754100000000000000e+04 8.000000000000000444e-01 2.019130283482866446e+02
2.754200000000000000e+04 8.333333333333332871e-02 2.034190163960479936e+02
2.754300000000000000e+04 1.666666666666666574e-01 2.045812986337166137e+02
2.754400000000000000e+04 2.500000000000000000e-01 2.060537795334229543e+02
2.754500000000000000e+04 3.333333333333333148e-01 2.079287995333162939e+02
2.754600000000000000e+04 4.166666666666666852e-01 2.097386061528201537e+02
2.754700000000000000e+04 5.000000000000000000e-01 2.111100652298618172e+02
2.754800000000000000e+04 5.833333333333333703e-01 2.122695909949916881e+02
2.754900000000000000e+04 6.666666666666666297e-01 2.142910261287518665e+02
2.755000000000000000e+04 7.500000000000000000e-01 2.157013097881622627e+02
2.755100000000000000e+04 8.333333333333333703e-01 2.178833501177620633e+02
2.755200000000000000e+04 9.166666666666666297e-01 2.193567814870494317e+02
2.755300000000000000e+04 5.263157894736841813e-02 2.207270734267469550e+02
2.755400000000000000e+04 1.052631578947368363e-01 2.219493254465857319e+02
2.755500000000000000e+04 1.578947368421052544e-01 2.229933560974768056e+02
2.755600000000000000e+04 2.105263157894736725e-01 2.244828190879535725e+02
2.755700000000000000e+04 2.631578947368420907e-01 2.260454130851262278e+02
2.755800000000000000e+04 3.157894736842105088e-01 2.272744370881464988e+02
2.755900000000000000e+04 3.684210526315789269e-01 2.285603997625659360e+02
2.756000000000000000e+04 4.210526315789473450e-01 2.296397050947124967e+02
2.756100000000000000e+04 4.736842105263157632e-01 2.307657601555332292e+02
2.756200000000000000e+04 5.263157894736841813e-01 2.318421429870574002e+02
2.756300000000000000e+04 5.789473684210526550e-01 2.331246795362442015e+02
2.756400000000000000e+04 6.315789473684210176e-01 2.347288615708026214e+02
2.756500000000000000e+04 6.842105263157894912e-01 2.362770540652941804e+02
2.756600000000000000e+04 7.368421052631578538e-01 2.370366592258874903e+02
2.756700000000000000e+04 7.894736842105263275e-01 2.382449638232469340e+02
2.756800000000000000e+04 8.421052631578946901e-01 2.393363849152183036e+02
2.756900000000000000e+04 8.947368421052631637e-01 2.404564741973739785e+02
2.757000000000000000e+04 9.473684210526315264e-01 2.416057783346674910e+02
2.757100000000000000e+04 5.000000000000000000e-01 2.426007657717740926e+02
2.757200000000000000e+04 3.333333333333333148e-01 2.436181152692428782e+02
2.757300000000000000e+04 6.666666666666666297e-01 2.442458094623018781e+02
2.757400000000000000e+04 7.692307692307692735e-02 2.433833895638990441e+02
2.757500000000000000e+04 1.538461538461538547e-01 2.446181365015344511e+02
2.757600000000000000e+04 2.307692307692307820e-01 2.462065004396795871e+02
2.757700000000000000e+04 3.076923076923077094e-01 2.476106727937729204e+02
2.757800000000000000e+04 3.846153846153846367e-01 2.487546133516691782e+02
2.757900000000000000e+04 4.615384615384615641e-01 2.495509173137339189e+02
2.758000000000000000e+04 5.384615384615384359e-01 2.502281912612617987e+02
2.758100000000000000e+04 6.153846153846154188e-01 2.513882343639092767e+02
2.758200000000000000e+04 6.923076923076922906e-01 2.534935609419013929e+02
2.758300000000000000e+04 7.692307692307692735e-01 2.540124058127443050e+02
2.758400000000000000e+04 8.461538461538461453e-01 2.550154511756267652e+02
2.758500000000000000e+04 9.230769230769231282e-01 2.559407619342370879e+02
2.758600000000000000e+04 9.090909090909091161e-02 2.427107217721338657e+02
2.758700000000000000e+04 1.818181818181818232e-01 2.440363914142393185e+02
2.758800000000000000e+04 2.727272727272727071e-01 2.451528590581950198e+02
2.758900000000000000e+04 3.636363636363636465e-01 2.464602610621708436e+02
2.759000000000000000e+04 4.545454545454545303e-01 2.485365317574319306e+02
2.759100000000000000e+04 5.454545454545454142e-01 2.497093062455582810e+02
2.759200000000000000e+04 6.363636363636363535e-01 2.508854439925930535e+02
2.759300000000000000e+04 7.272727272727272929e-01 2.516122176850173275e+02
2.759400000000000000e+04 8.181818181818182323e-01 2.525398490773278581e+02
2.759500000000000000e+04 9.090909090909090606e-01 2.538854716098383619e+02
2.759600000000000000e+04 5.000000000000000000e-01 2.547286204697676055e+02
2.759700000000000000e+04 5.555555555555555247e-02 2.551568094878236082e+02
2.759800000000000000e+04 1.111111111111111049e-01 2.558736776765445313e+02
2.759900000000000000e+04 1.666666666666666574e-01 2.568850628652832029e+02
2.760000000000000000e+04 2.222222222222222099e-01 2.578302083567288037e+02
2.760100000000000000e+04 2.777777777777777901e-01 2.593784008512203627e+02
2.760200000000000000e+04 3.333333333333333148e-01 2.611026398137774436e+02
2.760300000000000000e+04 3.888888888888888951e-01 2.619696461574682189e+02
2.760400000000000000e+04 4.444444444444444198e-01 2.633097954028883123e+02
2.760500000000000000e+04 5.000000000000000000e-01 2.651655971164342418e+02
2.760600000000000000e+04 5.555555555555555802e-01 2.663877673173473681e+02
2.760700000000000000e+04 6.111111111111111605e-01 2.677324234072082731e+02
2.760800000000000000e+04 6.666666666666666297e-01 2.686497019908457560e+02
2.760900000000000000e+04 7.222222222222222099e-01 2.696198566176965414e+02
2.761000000000000000e+04 7.777777777777777901e-01 2.708122491705079256e+02
2.761100000000000000e+04 8.333333333333333703e-01 2.723612488477190254e+02
2.761200000000000000e+04 8.888888888888888395e-01 2.735416301420472678e+02
2.761300000000000000e+04 9.444444444444444198e-01 2.742879544683290760e+02
2.761400000000000000e+04 2.500000000000000000e-01 2.753389064177539467e+02
2.761500000000000000e+04 5.000000000000000000e-01 2.763493023797411183e+02
2.761600000000000000e+04 7.500000000000000000e-01 2.773097710153560342e+02
2.761700000000000000e+04 1.666666666666666574e-01 2.750425404475255959e+02
2.761800000000000000e+04 3.333333333333333148e-01 2.760704509494663057e+02
2.761900000000000000e+04 5.000000000000000000e-01 2.769135998093955777e+02
2.762000000000000000e+04 6.666666666666666297e-01 2.775039386951214055e+02
2.762100000000000000e+04 8.333333333333333703e-01 2.787373486026541514e+02
2.762200000000000000e+04 3.333333333333333148e-01 2.794484744705566186e+02
2.762300000000000000e+04 6.666666666666666297e-01 2.809037064108327968e+02
2.762400000000000000e+04 2.500000000000000000e-01 2.797173996217342733e+02
2.762500000000000000e+04 5.000000000000000000e-01 2.805612597997258604e+02
2.762600000000000000e+04 7.500000000000000000e-01 2.816657959014445964e+02
2.762700000000000000e+04 9.090909090909091161e-02 2.202951311020650849e+02
2.762800000000000000e+04 1.818181818181818232e-01 2.211151311020650780e+02
2.762900000000000000e+04 2.727272727272727071e-01 2.220565130649260652e+02
2.763000000000000000e+04 3.636363636363636465e-01 2.231093663310557815e+02
2.763100000000000000e+04 4.545454545454545303e-01 2.244386518534323613e+02
2.763200000000000000e+04 5.454545454545454142e-01 2.261017513693964531e+02
2.763300000000000000e+04 6.363636363636363535e-01 2.280513410698206371e+02
2.763400000000000000e+04 7.272727272727272929e-01 2.290872464709070471e+02
2.763500000000000000e+04 8.181818181818182323e-01 2.298343743046811483e+02
2.763600000000000000e+04 9.090909090909090606e-01 2.313484746976538418e+02
2.763700000000000000e+04 5.000000000000000000e-01 2.328347451979329890e+02
2.763800000000000000e+04 2.000000000000000111e-01 2.327669950535176611e+02
2.763900000000000000e+04 4.000000000000000222e-01 2.342955564687051435e+02
2.764000000000000000e+04 5.999999999999999778e-01 2.363404036512593791e+02
2.764100000000000000e+04 8.000000000000000444e-01 2.374963015706276792e+02
2.764200000000000000e+04 5.000000000000000000e-01 2.389130584305016782e+02
2.764300000000000000e+04 3.333333333333333148e-01 2.382166487091657530e+02
2.764400000000000000e+04 6.666666666666666297e-01 2.389534661899573109e+02
2.764500000000000000e+04 2.500000000000000000e-01 2.398986116814029401e+02
2.764600000000000000e+04 5.000000000000000000e-01 2.409586116814029424e+02
2.764700000000000000e+04 7.500000000000000000e-01 2.420335070251457523e+02
2.764800000000000000e+04 3.030303030303030387e-02 2.398934661899573086e+02
2.764900000000000000e+04 6.060606060606060774e-02 2.408166129821848642e+02
2.765000000000000000e+04 9.090909090909091161e-02 2.419014632022613398e+02
2.765100000000000000e+04 1.212121212121212155e-01 2.428055649664449902e+02
2.765200000000000000e+04 1.515151515151515194e-01 2.438392960726810372e+02
2.765300000000000000e+04 1.818181818181818232e-01 2.459478263665113218e+02
2.765400000000000000e+04 2.121212121212121271e-01 2.473305049264087359e+02
2.765500000000000000e+04 2.424242424242424310e-01 2.486008198479931366e+02
2.765600000000000000e+04 2.727272727272727071e-01 2.500560517882693148e+02
2.765700000000000000e+04 3.030303030303030387e-01 2.512280586141880008e+02
2.765800000000000000e+04 3.333333333333333148e-01 2.519140615296336989e+02
2.765900000000000000e+04 3.636363636363636465e-01 2.528669518695994327e+02
2.766000000000000000e+04 3.939393939393939226e-01 2.543813494395922135e+02
2.766100000000000000e+04 4.242424242424242542e-01 2.557932276213062153e+02
2.766200000000000000e+04 4.545454545454545303e-01 2.569266295800128432e+02
2.766300000000000000e+04 4.848484848484848619e-01 2.591208492590787387e+02
2.766400000000000000e+04 5.151515151515151381e-01 2.598977018834548289e+02
2.766500000000000000e+04 5.454545454545454142e-01 2.612196701130276892e+02
2.766600000000000000e+04 5.757575757575758013e-01 2.627380244853663385e+02
2.766700000000000000e+04 6.060606060606060774e-01 2.641805916415154343e+02
2.766800000000000000e+04 6.363636363636363535e-01 2.651189412565310590e+02
2.766900000000000000e+04 6.666666666666666297e-01 2.659198157785380658e+02
2.767000000000000000e+04 6.969696969696970168e-01 2.668429625707656214e+02
2.767100000000000000e+04 7.272727272727272929e-01 2.678400082066319214e+02
2.767200000000000000e+04 7.575757575757575690e-01 2.693241577947799783e+02
2.767300000000000000e+04 7.878787878787878451e-01 2.701528917689839773e+02
2.767400000000000000e+04 8.181818181818182323e-01 2.710805770604487179e+02
2.767500000000000000e+04 8.484848484848485084e-01 2.718849401625363384e+02
2.767600000000000000e+04 8.787878787878787845e-01 2.724284472922043960e+02
2.767700000000000000e+04 9.090909090909090606e-01 2.737011216417533888e+02
2.767800000000000000e+04 9.393939393939394478e-01 2.745833914417578967e+02
2.767900000000000000e+04 9.696969696969697239e-01 2.754841688837489642e+02
2.768000000000000000e+04 1.000000000000000056e-01 2.030616797314312407e+02
2.768100000000000000e+04 2.000000000000000111e-01 2.046770125144824704e+02
2.768200000000000000e+04 2.999999999999999889e-01 2.055511978495230210e+02
2.768300000000000000e+04 4.000000000000000222e-01 2.061366890962552247e+02
2.768400000000000000e+04 5.000000000000000000e-01 2.081193388383932472e+02
2.768500000000000000e+04 5.999999999999999778e-01 2.101732375700740363e+02
2.768600000000000000e+04 6.999999999999999556e-01 2.112071137715604436e+02
2.768700000000000000e+04 8.000000000000000444e-01 2.125083055329853607e+02
2.768800000000000000e+04 9.000000000000000222e-01 2.132267761308527838e+02
2.768900000000000000e+04 1.666666666666666574e-01 2.141843250852149083e+02
2.769000000000000000e+04 3.333333333333333148e-01 2.150359705513567690e+02
2.769100000000000000e+04 5.000000000000000000e-01 2.160390159142392292e+02
2.769200000000000000e+04 6.666666666666666297e-01 2.171057867424867993e+02
2.769300000000000000e+04 8.333333333333333703e-01 2.180457867424867970e+02
2.769400000000000000e+04 2.500000000000000000e-01 2.145389117945705379e+02
2.769500000000000000e+04 5.000000000000000000e-01 2.157436939325523326e+02
2.769600000000000000e+04 7.500000000000000000e-01 2.172116176362917201e+02
2.769700000000000000e+04 2.000000000000000111e-01 2.182242379995078920e+02
2.769800000000000000e+04 4.000000000000000222e-01 2.189854869732346287e+02
2.769900000000000000e+04 5.999999999999999778e-01 2.195875667021742572e+02
2.770000000000000000e+04 8.000000000000000444e-01 2.204400923616121304e+02
2.770100000000000000e+04 3.333333333333333148e-01 2.182014661095440715e+02
2.770200000000000000e+04 6.666666666666666297e-01 2.198978446050456057e+02
2.770300000000000000e+04 2.000000000000000111e-01 2.208989440007102019e+02
2.770400000000000000e+04 4.000000000000000222e-01 2.214991106442351452e+02
2.770500000000000000e+04 5.999999999999999778e-01 2.223599242129014328e+02
2.770600000000000000e+04 8.000000000000000444e-01 2.233305425725052373e+02
2.770700000000000000e+04 1.666666666666666574e-01 2.214395319922937517e+02
2.770800000000000000e+04 3.333333333333333148e-01 2.227304618896932880e+02
2.770900000000000000e+04 5.000000000000000000e-01 2.255170189050798513e+02
2.771000000000000000e+04 6.666666666666666297e-01 2.265260778726332944e+02
2.771100000000000000e+04 8.333333333333333703e-01 2.279071281975671752e+02
2.771200000000000000e+04 2.500000000000000000e-01 2.291530816477409758e+02
2.771300000000000000e+04 5.000000000000000000e-01 2.300074820222727396e+02
2.771400000000000000e+04 7.500000000000000000e-01 2.305441383368726918e+02
2.771500000000000000e+04 4.761904761904761640e-02 2.299518775709623810e+02
2.771600000000000000e+04 9.523809523809523281e-02 2.308514885980179656e+02
2.771700000000000000e+04 1.428571428571428492e-01 2.317058889725497011e+02
2.771800000000000000e+04 1.904761904761904656e-01 2.323043035445647888e+02
2.771900000000000000e+04 2.380952380952380820e-01 2.338694872398542657e+02
2.772000000000000000e+04 2.857142857142856984e-01 2.350456249868890097e+02
2.772100000000000000e+04 3.333333333333333148e-01 2.358758659157765294e+02
2.772200000000000000e+04 3.809523809523809312e-01 2.372881335957862348e+02
2.772300000000000000e+04 4.285714285714285476e-01 2.388198646426740197e+02
2.772400000000000000e+04 4.761904761904761640e-01 2.403797684858643322e+02
2.772500000000000000e+04 5.238095238095238360e-01 2.413799684658683589e+02
2.772600000000000000e+04 5.714285714285713969e-01 2.425744976618279907e+02
2.772700000000000000e+04 6.190476190476190688e-01 2.430471497537518530e+02
2.772800000000000000e+04 6.666666666666666297e-01 2.445033777578775869e+02
2.772900000000000000e+04 7.142857142857143016e-01 2.453232557975883594e+02
2.773000000000000000e+04 7.619047619047618625e-01 2.473211046407193976e+02
2.773100000000000000e+04 8.095238095238095344e-01 2.483326381300315404e+02
2.773200000000000000e+04 8.571428571428570953e-01 2.500151659901277696e+02
2.773300000000000000e+04 9.047619047619047672e-01 2.509371204358570537e+02
2.773400000000000000e+04 9.523809523809523281e-01 2.521252702580596292e+02
2.773500000000000000e+04 6.666666666666666574e-02 2.529540042322636566e+02
2.773600000000000000e+04 1.333333333333333315e-01 2.538065298917015298e+02
2.773700000000000000e+04 2.000000000000000111e-01 2.548108206862426641e+02
2.773800000000000000e+04 2.666666666666666630e-01 2.559744787116092084e+02
2.773900000000000000e+04 3.333333333333333148e-01 2.564698573546692160e+02
2.774000000000000000e+04 4.000000000000000222e-01 2.573667965945288643e+02
2.774100000000000000e+04 4.666666666666666741e-01 2.584304224686030125e+02
2.774200000000000000e+04 5.333333333333333259e-01 2.591805557900866006e+02
2.774300000000000000e+04 5.999999999999999778e-01 2.600079009417615339e+02
2.774400000000000000e+04 6.666666666666666297e-01 2.607181121779441355e+02
2.774500000000000000e+04 7.333333333333332815e-01 2.612008129133899956e+02
2.774600000000000000e+04 8.000000000000000444e-01 2.618247520129822874e+02
2.774700000000000000e+04 8.666666666666666963e-01 2.624635790631296572e+02
2.774800000000000000e+04 9.333333333333333481e-01 2.634063409630810497e+02
2.774900000000000000e+04 6.250000000000000000e-02 2.533200087231640509e+02
2.775000000000000000e+04 1.250000000000000000e-01 2.541543947249641917e+02
2.775100000000000000e+04 1.875000000000000000e-01 2.547403981379235347e+02
2.775200000000000000e+04 2.500000000000000000e-01 2.555835469978527783e+02
2.775300000000000000e+04 3.125000000000000000e-01 2.560079289013312405e+02
2.775400000000000000e+04 3.750000000000000000e-01 2.573034982742325951e+02
2.775500000000000000e+04 4.375000000000000000e-01 2.585872817450718344e+02
2.775600000000000000e+04 5.000000000000000000e-01 2.594030022854531694e+02
2.775700000000000000e+04 5.625000000000000000e-01 2.600676826597685363e+02
2.775800000000000000e+04 6.250000000000000000e-01 2.611458292175240103e+02
2.775900000000000000e+04 6.875000000000000000e-01 2.617646183577002148e+02
2.776000000000000000e+04 7.500000000000000000e-01 2.625933523319042138e+02
2.776100000000000000e+04 8.125000000000000000e-01 2.633398776161378123e+02
2.776200000000000000e+04 8.750000000000000000e-01 2.644217278830416831e+02
2.776300000000000000e+04 9.375000000000000000e-01 2.648002777476566507e+02
2.776400000000000000e+04 2.500000000000000000e-01 1.592919171920793815e+02
2.776500000000000000e+04 5.000000000000000000e-01 1.609695643540297283e+02
2.776600000000000000e+04 7.500000000000000000e-01 1.619797623544237126e+02
2.776700000000000000e+04 2.500000000000000000e-01 1.629340683850030018e+02
2.776800000000000000e+04 5.000000000000000000e-01 1.642742176304230668e+02
2.776900000000000000e+04 7.500000000000000000e-01 1.645336400658445370e+02
2.777000000000000000e+04 3.333333333333333148e-01 1.641624670985428054e+02
2.777100000000000000e+04 6.666666666666666297e-01 1.665941331940419445e+02
2.777200000000000000e+04 2.500000000000000000e-01 1.678379177413008279e+02
2.777300000000000000e+04 5.000000000000000000e-01 1.685204864191640866e+02
2.777400000000000000e+04 7.500000000000000000e-01 1.696749993034577244e+02
2.777500000000000000e+04 1.428571428571428492e-01 1.677624225417636410e+02
2.777600000000000000e+04 2.857142857142856984e-01 1.691946585558339393e+02
2.777700000000000000e+04 4.285714285714285476e-01 1.712405813305250888e+02
2.777800000000000000e+04 5.714285714285713969e-01 1.737427004324065365e+02
2.777900000000000000e+04 7.142857142857143016e-01 1.752448655365146237e+02
2.778000000000000000e+04 8.571428571428570953e-01 1.768777770466706443e+02
2.778100000000000000e+04 3.333333333333333148e-01 1.782879188835083539e+02
2.778200000000000000e+04 6.666666666666666297e-01 1.785657677632973446e+02
2.778300000000000000e+04 3.333333333333333148e-01 1.776993608829283744e+02
2.778400000000000000e+04 6.666666666666666297e-01 1.792381916078620918e+02
2.778500000000000000e+04 2.500000000000000000e-01 1.802096338346568700e+02
2.778600000000000000e+04 5.000000000000000000e-01 1.812066794705231416e+02
2.778700000000000000e+04 7.500000000000000000e-01 1.817016542173537346e+02
2.778800000000000000e+04 7.692307692307692735e-02 1.806126005717443661e+02
2.778900000000000000e+04 1.538461538461538547e-01 1.822409739932911634e+02
2.779000000000000000e+04 2.307692307692307820e-01 1.842811945696014675e+02
2.779100000000000000e+04 3.076923076923077094e-01 1.863568149587863445e+02
2.779200000000000000e+04 3.846153846153846367e-01 1.879211998219194300e+02
2.779300000000000000e+04 4.615384615384615641e-01 1.891909635794743565e+02
2.779400000000000000e+04 5.384615384615384359e-01 1.921446561836564229e+02
2.779500000000000000e+04 6.153846153846154188e-01 1.948698901185691739e+02
2.779600000000000000e+04 6.923076923076922906e-01 1.970438036403082265e+02
2.779700000000000000e+04 7.692307692307692735e-01 1.990482237559526482e+02
2.779800000000000000e+04 8.461538461538461453e-01 2.011775194141457348e+02
2.779900000000000000e+04 9.230769230769231282e-01 2.026333353365755272e+02
2.780000000000000000e+04 3.333333333333333148e-01 2.033796596628573354e+02
2.780100000000000000e+04 6.666666666666666297e-01 2.044266076080771484e+02
2.780200000000000000e+04 1.250000000000000000e-01 2.039189480309745761e+02
2.780300000000000000e+04 2.500000000000000000e-01 2.056887220278453299e+02
2.780400000000000000e+04 3.750000000000000000e-01 2.067662191276094177e+02
2.780500000000000000e+04 5.000000000000000000e-01 2.075922941847319407e+02
2.780600000000000000e+04 6.250000000000000000e-01 2.085474904996327155e+02
2.780700000000000000e+04 7.500000000000000000e-01 2.110322641311734344e+02
2.780800000000000000e+04 8.750000000000000000e-01 2.133112551359823499e+02
2.780900000000000000e+04 2.500000000000000000e-01 2.145449893050803780e+02
2.781000000000000000e+04 5.000000000000000000e-01 2.167549666805302024e+02
2.781100000000000000e+04 7.500000000000000000e-01 2.180277588866659926e+02
2.781200000000000000e+04 3.333333333333333148e-01 2.194370494883518177e+02
2.781300000000000000e+04 6.666666666666666297e-01 2.200391292172914461e+02
2.781400000000000000e+04 1.428571428571428492e-01 2.191328380693493045e+02
2.781500000000000000e+04 2.857142857142856984e-01 2.206191085696284517e+02
2.781600000000000000e+04 4.285714285714285476e-01 2.219911144005198480e+02
2.781700000000000000e+04 5.714285714285713969e-01 2.231798952886569225e+02
2.781800000000000000e+04 7.142857142857143016e-01 2.240979911442188666e+02
2.781900000000000000e+04 8.571428571428570953e-01 2.253309144995009490e+02
2.782000000000000000e+04 1.111111111111111049e-01 2.275822030194379124e+02
2.782100000000000000e+04 2.222222222222222099e-01 2.288220820457949287e+02
2.782200000000000000e+04 3.333333333333333148e-01 2.299888296620341919e+02
2.782300000000000000e+04 4.444444444444444198e-01 2.323388296620341862e+02
2.782400000000000000e+04 5.555555555555555802e-01 2.333423235583783537e+02
2.782500000000000000e+04 6.666666666666666297e-01 2.346831442026108334e+02
2.782600000000000000e+04 7.777777777777777901e-01 2.356595150338015117e+02
2.782700000000000000e+04 8.888888888888888395e-01 2.366840637149289819e+02
2.782800000000000000e+04 5.000000000000000000e-01 2.378640637149289887e+02
2.782900000000000000e+04 5.000000000000000000e-01 2.377713079377234635e+02
2.783000000000000000e+04 5.000000000000000000e-01 2.389848152512572597e+02
2.783100000000000000e+04 1.428571428571428492e-01 2.385178332219570052e+02
2.783200000000000000e+04 2.857142857142856984e-01 2.394906641425182272e+02
2.783300000000000000e+04 4.285714285714285476e-01 2.404901640174557258e+02
2.783400000000000000e+04 5.714285714285713969e-01 2.416545522688564063e+02
2.783500000000000000e+04 7.142857142857143016e-01 2.426023919177422385e+02
2.783600000000000000e+04 8.571428571428570953e-01 2.440944039820366243e+02
2.783700000000000000e+04 3.333333333333333148e-01 2.448814236768346575e+02
2.783800000000000000e+04 6.666666666666666297e-01 2.453078037889412144e+02
2.783900000000000000e+04 7.692307692307692735e-02 2.451223144839773340e+02
2.784000000000000000e+04 1.538461538461538547e-01 2.462321342891709435e+02
2.784100000000000000e+04 2.307692307692307820e-01 2.470233359069650589e+02
2.784200000000000000e+04 3.076923076923077094e-01 2.482747351238419071e+02
2.784300000000000000e+04 3.846153846153846367e-01 2.496381499543318796e+02
2.784400000000000000e+04 4.615384615384615641e-01 2.507228158014940220e+02
2.784500000000000000e+04 5.384615384615384359e-01 2.522978078649660745e+02
2.784600000000000000e+04 6.153846153846154188e-01 2.536372480465344665e+02
2.784700000000000000e+04 6.923076923076922906e-01 2.549666087951652003e+02
2.784800000000000000e+04 7.692307692307692735e-01 2.557209296817910342e+02
2.784900000000000000e+04 8.461538461538461453e-01 2.570666636822532496e+02
2.785000000000000000e+04 9.230769230769231282e-01 2.579252089635285188e+02
2.785100000000000000e+04 5.000000000000000000e-01 2.272713525943650836e+02
2.785200000000000000e+04 2.000000000000000111e-01 2.284137185602446891e+02
2.785300000000000000e+04 4.000000000000000222e-01 2.290432421896661879e+02
2.785400000000000000e+04 5.999999999999999778e-01 2.294132421896661924e+02
2.785500000000000000e+04 8.000000000000000444e-01 2.297832421896661970e+02
2.785600000000000000e+04 5.000000000000000000e-01 2.281815723480509632e+02
2.785700000000000000e+04 5.000000000000000000e-01 2.290932740536543122e+02
2.785800000000000000e+04 1.428571428571428492e-01 2.295547802711274414e+02
2.785900000000000000e+04 2.857142857142856984e-01 2.316662252739631640e+02
2.786000000000000000e+04 4.285714285714285476e-01 2.326437732267511649e+02
2.786100000000000000e+04 5.714285714285713969e-01 2.332439398702761082e+02
2.786200000000000000e+04 7.142857142857143016e-01 2.352113747484868043e+02
2.786300000000000000e+04 8.571428571428570953e-01 2.363978400872135524e+02
2.786400000000000000e+04 2.500000000000000000e-01 2.377558533419353068e+02
2.786500000000000000e+04 5.000000000000000000e-01 2.382508280887658998e+02
2.786600000000000000e+04 7.500000000000000000e-01 2.386756810044908832e+02
2.786700000000000000e+04 5.000000000000000000e-01 2.375232289089103119e+02
2.786800000000000000e+04 3.333333333333333148e-01 2.383522041799528211e+02
2.786900000000000000e+04 6.666666666666666297e-01 2.403538534998887428e+02
2.787000000000000000e+04 2.500000000000000000e-01 2.413339045189688647e+02
2.787100000000000000e+04 5.000000000000000000e-01 2.423575255425903947e+02
2.787200000000000000e+04 7.500000000000000000e-01 2.433316918528269923e+02
2.787300000000000000e+04 1.428571428571428492e-01 2.416258990965557985e+02
2.787400000000000000e+04 2.857142857142856984e-01 2.422181828123542289e+02
2.787500000000000000e+04 4.285714285714285476e-01 2.437608428526741875e+02
2.787600000000000000e+04 5.714285714285713969e-01 2.447075212563572961e+02
2.787700000000000000e+04 7.142857142857143016e-01 2.457679456996817748e+02
2.787800000000000000e+04 8.571428571428570953e-01 2.484606952238670488e+02
2.787900000000000000e+04 2.500000000000000000e-01 2.387618168145512527e+02
2.788000000000000000e+04 5.000000000000000000e-01 2.402533931619099690e+02
2.788100000000000000e+04 7.500000000000000000e-01 2.409429582422323506e+02
2.788200000000000000e+04 2.500000000000000000e-01 2.420443210344130307e+02
2.788300000000000000e+04 5.000000000000000000e-01 2.430144756612638162e+02
2.788400000000000000e+04 7.500000000000000000e-01 2.443242466336097323e+02
2.788500000000000000e+04 5.000000000000000000e-01 2.416699382969793817e+02
2.788600000000000000e+04 1.250000000000000000e-01 2.143828427432268597e+02
2.788700000000000000e+04 2.500000000000000000e-01 2.170881708194498003e+02
2.788800000000000000e+04 3.750000000000000000e-01 2.186889518788079840e+02
2.788900000000000000e+04 5.000000000000000000e-01 2.195872836660670373e+02
2.789000000000000000e+04 6.250000000000000000e-01 2.206363308528036384e+02
2.789100000000000000e+04 7.500000000000000000e-01 2.213830570409074028e+02
2.789200000000000000e+04 8.750000000000000000e-01 2.221180400339079313e+02
2.789300000000000000e+04 2.500000000000000000e-01 2.230631855253535605e+02
2.789400000000000000e+04 5.000000000000000000e-01 2.244378491205651187e+02
2.789500000000000000e+04 7.500000000000000000e-01 2.248735095387809508e+02
2.789600000000000000e+04 1.666666666666666574e-01 2.238170397396171438e+02
2.789700000000000000e+04 3.333333333333333148e-01 2.258641108180118522e+02
2.789800000000000000e+04 5.000000000000000000e-01 2.271560086467893314e+02
2.789900000000000000e+04 6.666666666666666297e-01 2.286792945687357133e+02
2.790000000000000000e+04 8.333333333333333703e-01 2.301378897833171777e+02
2.790100000000000000e+04 2.500000000000000000e-01 2.312035820465902134e+02
2.790200000000000000e+04 5.000000000000000000e-01 2.327385739032461345e+02
2.790300000000000000e+04 7.500000000000000000e-01 2.334808002838066727e+02
2.790400000000000000e+04 3.333333333333333148e-01 2.311907430494468940e+02
2.790500000000000000e+04 6.666666666666666297e-01 2.328482109978549488e+02
2.790600000000000000e+04 3.333333333333333148e-01 2.344177332181500333e+02
2.790700000000000000e+04 6.666666666666666297e-01 2.355957400093019203e+02
2.790800000000000000e+04 2.000000000000000111e-01 2.339921515557512066e+02
2.790900000000000000e+04 4.000000000000000222e-01 2.356229182466055363e+02
2.791000000000000000e+04 5.999999999999999778e-01 2.368441471358806041e+02
2.791100000000000000e+04 8.000000000000000444e-01 2.383456796863103193e+02
2.791200000000000000e+04 2.500000000000000000e-01 2.392456241290399817e+02
2.791300000000000000e+04 5.000000000000000000e-01 2.397283248644858702e+02
2.791400000000000000e+04 7.500000000000000000e-01 2.403304045934254987e+02
2.791500000000000000e+04 2.272727272727272790e-02 2.407575047214237713e+02
2.791600000000000000e+04 4.545454545454545581e-02 2.440869641370046281e+02
2.791700000000000000e+04 6.818181818181817677e-02 2.456142165719347474e+02
2.791800000000000000e+04 9.090909090909091161e-02 2.469727819917802663e+02
2.791900000000000000e+04 1.136363636363636326e-01 2.477838306956199403e+02
2.792000000000000000e+04 1.363636363636363535e-01 2.485095027978809981e+02
2.792100000000000000e+04 1.590909090909090884e-01 2.497252741579648045e+02
2.792200000000000000e+04 1.818181818181818232e-01 2.510117421909916402e+02
2.792300000000000000e+04 2.045454545454545581e-01 2.535298565648833460e+02
2.792400000000000000e+04 2.272727272727272652e-01 2.545953142130327365e+02
2.792500000000000000e+04 2.500000000000000000e-01 2.559654236977090704e+02
2.792600000000000000e+04 2.727272727272727071e-01 2.566773927981621455e+02
2.792700000000000000e+04 2.954545454545454697e-01 2.580828820368260494e+02
2.792800000000000000e+04 3.181818181818181768e-01 2.589622568147222523e+02
2.792900000000000000e+04 3.409090909090908839e-01 2.607336122279581332e+02
2.793000000000000000e+04 3.636363636363636465e-01 2.618840034657550859e+02
2.793100000000000000e+04 3.863636363636363535e-01 2.635085033888083217e+02
2.793200000000000000e+04 4.090909090909091161e-01 2.646195389417948149e+02
2.793300000000000000e+04 4.318181818181818232e-01 2.656398330170496251e+02
2.793400000000000000e+04 4.545454545454545303e-01 2.662852011290601126e+02
2.793500000000000000e+04 4.772727272727272929e-01 2.672336735851704361e+02
2.793600000000000000e+04 5.000000000000000000e-01 2.686418284062039561e+02
2.793700000000000000e+04 5.227272727272727071e-01 2.701619599794567534e+02
2.793800000000000000e+04 5.454545454545454142e-01 2.714985975518749797e+02
2.793900000000000000e+04 5.681818181818182323e-01 2.727161771180635697e+02
2.794000000000000000e+04 5.909090909090909394e-01 2.734179605604444987e+02
2.794100000000000000e+04 6.136363636363636465e-01 2.745495965443191722e+02
2.794200000000000000e+04 6.363636363636363535e-01 2.751544932297126138e+02
2.794300000000000000e+04 6.590909090909090606e-01 2.760572667339760073e+02
2.794400000000000000e+04 6.818181818181817677e-01 2.771551738338710607e+02
2.794500000000000000e+04 7.045454545454545858e-01 2.783373751703616108e+02
2.794600000000000000e+04 7.272727272727272929e-01 2.790618749978287951e+02
2.794700000000000000e+04 7.500000000000000000e-01 2.799133443161251193e+02
2.794800000000000000e+04 7.727272727272727071e-01 2.805878070652818224e+02
2.794900000000000000e+04 7.954545454545454142e-01 2.815534674610732395e+02
2.795000000000000000e+04 8.181818181818182323e-01 2.826681423015536438e+02
2.795100000000000000e+04 8.409090909090909394e-01 2.840471999508199588e+02
2.795200000000000000e+04 8.636363636363636465e-01 2.850599684337419149e+02
2.795300000000000000e+04 8.863636363636363535e-01 2.860051139251875725e+02
2.795400000000000000e+04 9.090909090909090606e-01 2.874095355143124380e+02
2.795500000000000000e+04 9.318181818181817677e-01 2.885690612794423373e+02
2.795600000000000000e+04 9.545454545454545858e-01 2.897953157391692116e+02
2.795700000000000000e+04 9.772727272727272929e-01 2.909809801098913908e+02
2.799700000000000000e+04 6.060606060606060774e-01 1.202554021810013865e+02
2.799800000000000000e+04 6.212121212121212155e-01 1.222402195529527802e+02
2.799900000000000000e+04 6.363636363636363535e-01 1.241240454472434322e+02
2.800000000000000000e+04 6.515151515151514916e-01 1.253224193454905446e+02
2.800100000000000000e+04 6.666666666666666297e-01 1.262179638725800714e+02
2.800200000000000000e+04 6.818181818181817677e-01 1.275034209897177817e+02
2.800300000000000000e+04 6.969696969696970168e-01 1.287304906698908269e+02
2.800400000000000000e+04 7.121212121212121549e-01 1.307144513549851581e+02
2.800500000000000000e+04 7.272727272727272929e-01 1.323845112341511765e+02
2.800600000000000000e+04 7.424242424242424310e-01 1.335980185476849726e+02
2.800700000000000000e+04 7.575757575757575690e-01 1.352733095671798083e+02
2.800800000000000000e+04 7.727272727272727071e-01 1.372068296731006001e+02
2.800900000000000000e+04 7.878787878787878451e-01 1.406504759964038556e+02
2.801000000000000000e+04 8.030303030303029832e-01 1.420281914967884518e+02
2.801100000000000000e+04 8.181818181818182323e-01 1.452163727965265991e+02
2.801200000000000000e+04 8.333333333333333703e-01 1.467901898125738853e+02
2.801300000000000000e+04 8.484848484848485084e-01 1.494661756122372651e+02
2.801400000000000000e+04 8.636363636363636465e-01 1.531284153640831107e+02
2.801500000000000000e+04 8.787878787878787845e-01 1.547685373107687781e+02
2.801600000000000000e+04 8.939393939393939226e-01 1.575945769424795628e+02
2.801700000000000000e+04 9.090909090909090606e-01 1.594239484192441978e+02
2.801800000000000000e+04 9.242424242424241987e-01 1.610724022402534388e+02
2.801900000000000000e+04 9.393939393939394478e-01 1.628727910871417919e+02
2.802000000000000000e+04 9.545454545454545858e-01 1.638771814495009664e+02
2.802100000000000000e+04 9.696969696969697239e-01 1.648548316937090021e+02
2.802200000000000000e+04 9.848484848484848619e-01 1.660579526352605910e+02
2.802300000000000000e+04 2.000000000000000111e-01 1.668736731756419260e+02
2.802400000000000000e+04 4.000000000000000222e-01 1.674657035802665632e+02
2.802500000000000000e+04 5.999999999999999778e-01 1.680517069932259062e+02
2.802600000000000000e+04 8.000000000000000444e-01 1.685952141228939638e+02
2.802700000000000000e+04 2.000000000000000111e-01 1.672889278584068506e+02
2.802800000000000000e+04 4.000000000000000222e-01 1.684784235498660223e+02
2.802900000000000000e+04 5.999999999999999778e-01 1.716902454627372947e+02
2.803000000000000000e+04 8.000000000000000444e-01 1.733003696815477497e+02
2.803100000000000000e+04 2.500000000000000000e-01 1.761377980947416404e+02
2.803200000000000000e+04 5.000000000000000000e-01 1.772045689229892105e+02
2.803300000000000000e+04 7.500000000000000000e-01 1.775719923844066841e+02
2.803400000000000000e+04 3.333333333333333148e-01 1.780546931198525726e+02
2.803500000000000000e+04 6.666666666666666297e-01 1.788301929586662311e+02
2.803600000000000000e+04 2.500000000000000000e-01 1.779996604800135458e+02
2.803700000000000000e+04 5.000000000000000000e-01 1.785856638929728888e+02
2.803800000000000000e+04 7.500000000000000000e-01 1.791227858530527328e+02
2.803900000000000000e+04 5.000000000000000000e-01 1.748413109523299909e+02
2.804000000000000000e+04 2.500000000000000000e-01 1.765244033443275384e+02
2.804100000000000000e+04 5.000000000000000000e-01 1.772344033443275464e+02
2.804200000000000000e+04 7.500000000000000000e-01 1.776061559502363707e+02
2.804300000000000000e+04 3.333333333333333148e-01 1.770042025353733948e+02
2.804400000000000000e+04 6.666666666666666297e-01 1.782687182529506629e+02
2.804500000000000000e+04 5.000000000000000000e-01 1.803982721968553449e+02
2.804600000000000000e+04 5.000000000000000000e-01 1.793244170736377043e+02
2.804700000000000000e+04 3.333333333333333148e-01 1.807015517801933129e+02
2.804800000000000000e+04 6.666666666666666297e-01 1.810339671829651991e+02
2.804900000000000000e+04 5.000000000000000000e-01 1.809727495643688542e+02
2.805000000000000000e+04 2.500000000000000000e-01 1.826823109116155592e+02
2.805100000000000000e+04 5.000000000000000000e-01 1.833821680398924627e+02
2.805200000000000000e+04 7.500000000000000000e-01 1.839681714528518057e+02
2.805300000000000000e+04 3.333333333333333148e-01 1.820607752993586246e+02
2.805400000000000000e+04 6.666666666666666297e-01 1.831770637925359040e+02
2.805500000000000000e+04 2.500000000000000000e-01 1.845233549943195328e+02
2.805600000000000000e+04 5.000000000000000000e-01 1.858599925667377306e+02
2.805700000000000000e+04 7.500000000000000000e-01 1.868138793524728101e+02
2.805800000000000000e+04 5.000000000000000000e-01 1.853461188863497853e+02
2.805900000000000000e+04 5.000000000000000000e-01 1.864178464636752892e+02
2.806000000000000000e+04 5.000000000000000000e-01 1.869240605836250779e+02
2.806100000000000000e+04 5.000000000000000000e-01 1.883425809394888972e+02
2.806200000000000000e+04 2.500000000000000000e-01 1.882187033915068639e+02
2.806300000000000000e+04 5.000000000000000000e-01 1.893948411385416080e+02
2.806400000000000000e+04 7.500000000000000000e-01 1.907789654104189765e+02
2.806500000000000000e+04 3.333333333333333148e-01 1.915225378682198141e+02
2.806600000000000000e+04 6.666666666666666297e-01 1.922410084660872656e+02
2.806700000000000000e+04 1.111111111111111049e-01 1.918952539035962559e+02
2.806800000000000000e+04 2.222222222222222099e-01 1.935194767947045023e+02
2.806900000000000000e+04 3.333333333333333148e-01 1.945326401576425894e+02
2.807000000000000000e+04 4.444444444444444198e-01 1.964360318671969026e+02
2.807100000000000000e+04 5.555555555555555802e-01 1.979220332130913107e+02
2.807200000000000000e+04 6.666666666666666297e-01 1.997581432315814709e+02
2.807300000000000000e+04 7.777777777777777901e-01 2.012382445794627870e+02
2.807400000000000000e+04 8.888888888888888395e-01 2.022465104174241617e+02
2.807500000000000000e+04 2.500000000000000000e-01 2.040278862901697323e+02
2.807600000000000000e+04 5.000000000000000000e-01 2.050576920971061838e+02
2.807700000000000000e+04 7.500000000000000000e-01 2.069045813737007506e+02
2.807800000000000000e+04 5.000000000000000000e-01 2.034690078611842807e+02
2.807900000000000000e+04 1.666666666666666574e-01 2.048606974817534478e+02
2.808000000000000000e+04 3.333333333333333148e-01 2.059759104658959359e+02
2.808100000000000000e+04 5.000000000000000000e-01 2.075644317909023187e+02
2.808200000000000000e+04 6.666666666666666297e-01 2.090097345273558176e+02
2.808300000000000000e+04 8.333333333333333703e-01 2.105319040317146460e+02
2.808400000000000000e+04 2.500000000000000000e-01 2.115979715717889178e+02
2.808500000000000000e+04 5.000000000000000000e-01 2.121900019764135266e+02
2.808600000000000000e+04 7.500000000000000000e-01 2.131482295068049098e+02
2.808700000000000000e+04 9.090909090909091161e-02 2.116962922831153548e+02
2.808800000000000000e+04 1.818181818181818232e-01 2.123247029768499488e+02
2.808900000000000000e+04 2.727272727272727071e-01 2.132334383618768356e+02
2.809000000000000000e+04 3.636363636363636465e-01 2.149535255689683879e+02
2.809100000000000000e+04 4.545454545454545303e-01 2.163495556546041030e+02
2.809200000000000000e+04 5.454545454545454142e-01 2.171986728432182474e+02
2.809300000000000000e+04 6.363636363636363535e-01 2.187341857868302384e+02
2.809400000000000000e+04 7.272727272727272929e-01 2.198654682449281097e+02
2.809500000000000000e+04 8.181818181818182323e-01 2.205746931739879813e+02
2.809600000000000000e+04 9.090909090909090606e-01 2.221533635005603173e+02
2.809700000000000000e+04 2.564102564102564014e-02 2.050818004702943256e+02
2.809800000000000000e+04 5.128205128205128027e-02 2.057910253993541971e+02
2.809900000000000000e+04 7.692307692307692735e-02 2.078133260693832653e+02
2.810000000000000000e+04 1.025641025641025605e-01 2.089296145625605448e+02
2.810100000000000000e+04 1.282051282051281937e-01 2.106481604595327610e+02
2.810200000000000000e+04 1.538461538461538547e-01 2.125609333158855350e+02
2.810300000000000000e+04 1.794871794871794879e-01 2.138405426312627071e+02
2.810400000000000000e+04 2.051282051282051211e-01 2.147682279227274478e+02
2.810500000000000000e+04 2.307692307692307820e-01 2.165429955131459678e+02
2.810600000000000000e+04 2.564102564102563875e-01 2.177196432939198019e+02
2.810700000000000000e+04 2.820512820512820484e-01 2.189737963946216155e+02
2.810800000000000000e+04 3.076923076923077094e-01 2.213959648445854214e+02
2.810900000000000000e+04 3.333333333333333148e-01 2.231061110371666132e+02
2.811000000000000000e+04 3.589743589743589758e-01 2.249370670715923666e+02
2.811100000000000000e+04 3.846153846153846367e-01 2.263857216197852722e+02
2.811200000000000000e+04 4.102564102564102422e-01 2.275723555144638226e+02
2.811300000000000000e+04 4.358974358974359031e-01 2.288643694462772658e+02
2.811400000000000000e+04 4.615384615384615641e-01 2.305043084695339246e+02
2.811500000000000000e+04 4.871794871794871695e-01 2.316833334904728474e+02
2.811600000000000000e+04 5.128205128205127750e-01 2.331744069293081054e+02
2.811700000000000000e+04 5.384615384615384359e-01 2.346712703165281937e+02
2.811800000000000000e+04 5.641025641025640969e-01 2.356290803185640925e+02
2.811900000000000000e+04 5.897435897435897578e-01 2.367919646636302673e+02
2.812000000000000000e+04 6.153846153846154188e-01 2.379739122089976604e+02
2.812100000000000000e+04 6.410256410256410797e-01 2.387233786858997462e+02
2.812200000000000000e+04 6.666666666666666297e-01 2.399751374486012594e+02
2.812300000000000000e+04 6.923076923076922906e-01 2.412422601735178205e+02
2.812400000000000000e+04 7.179487179487179516e-01 2.428189021747343190e+02
2.812500000000000000e+04 7.435897435897436125e-01 2.439081220790695284e+02
2.812600000000000000e+04 7.692307692307692735e-01 2.448892948467307633e+02
2.812700000000000000e+04 7.948717948717948234e-01 2.462943571229306485e+02
2.812800000000000000e+04 8.205128205128204844e-01 2.474026440893793222e+02
2.812900000000000000e+04 8.461538461538461453e-01 2.486167692888542433e+02
2.813000000000000000e+04 8.717948717948718063e-01 2.499186909454833767e+02
2.813100000000000000e+04 8.974358974358974672e-01 2.511190658869079186e+02
2.813200000000000000e+04 9.230769230769231282e-01 2.522481805843589768e+02
2.813300000000000000e+04 9.487179487179486781e-01 2.533666616972974168e+02
2.813400000000000000e+04 9.743589743589743390e-01 2.539963441569546774e+02
2.813500000000000000e+04 3.333333333333333148e-01 2.546635023091195364e+02
2.813600000000000000e+04 6.666666666666666297e-01 2.557235023091195387e+02
2.813700000000000000e+04 1.111111111111111049e-01 2.548543651357191777e+02
2.813800000000000000e+04 2.222222222222222099e-01 2.558623829927038571e+02
2.813900000000000000e+04 3.333333333333333148e-01 2.567882879554294959e+02
2.814000000000000000e+04 4.444444444444444198e-01 2.579484172585677584e+02
2.814100000000000000e+04 5.555555555555555802e-01 2.591565977086661974e+02
2.814200000000000000e+04 6.666666666666666297e-01 2.599219734333922815e+02
2.814300000000000000e+04 7.777777777777777901e-01 2.610047014694197856e+02
2.814400000000000000e+04 8.888888888888888395e-01 2.624824023863850471e+02
2.822200000000000000e+04 1.428571428571428492e-01 1.200104682897163428e+02
2.822300000000000000e+04 2.857142857142856984e-01 1.207119666860081679e+02
2.822400000000000000e+04 4.285714285714285476e-01 1.217293161834769535e+02
2.822500000000000000e+04 5.714285714285713969e-01 1.229357157855989016e+02
2.822600000000000000e+04 7.142857142857143016e-01 1.236825089296488471e+02
2.822700000000000000e+04 8.571428571428570953e-01 1.256685099366979443e+02
