1.809000000000000000e+04 8.750000000000000000e-01
1.769900000000000000e+04 5.999999999999999778e-01
1.811300000000000000e+04 8.461538461538461453e-01
1.781300000000000000e+04 1.212121212121212155e-01
1.718800000000000000e+04 3.499999999999999778e-01
1.746100000000000000e+04 2.040816326530612082e-02
1.837700000000000000e+04 8.666666666666666963e-01
1.788100000000000000e+04 6.250000000000000000e-02
1.737900000000000000e+04 4.571428571428571286e-01
1.875800000000000000e+04 5.749999999999999556e-01
1.800800000000000000e+04 7.029702970297029285e-01
1.826900000000000000e+04 4.255319148936170248e-01
1.704300000000000000e+04 1.315789473684210453e-01
1.833600000000000000e+04 4.761904761904761640e-01
1.741800000000000000e+04 3.076923076923077094e-01
1.855600000000000000e+04 7.500000000000000000e-01
1.776100000000000000e+04 1.764705882352941291e-01
1.778500000000000000e+04 7.407407407407406996e-02
1.859800000000000000e+04 6.923076923076922906e-01
1.753700000000000000e+04 3.703703703703703498e-01
1.723400000000000000e+04 8.947368421052631637e-01
1.868800000000000000e+04 6.666666666666666297e-01
1.876600000000000000e+04 7.750000000000000222e-01
1.871000000000000000e+04 2.941176470588235392e-01
1.742500000000000000e+04 8.461538461538461453e-01
1.753000000000000000e+04 1.111111111111111049e-01
1.824100000000000000e+04 9.108910891089109230e-01
1.787500000000000000e+04 8.947368421052631637e-01
1.802600000000000000e+04 8.811881188118811936e-01
1.826500000000000000e+04 3.404255319148936088e-01
1.803500000000000000e+04 9.702970297029702706e-01
1.720500000000000000e+04 1.315789473684210453e-01
1.822300000000000000e+04 7.326732673267326579e-01
1.694400000000000000e+04 9.847715736040608681e-01
1.861000000000000000e+04 2.272727272727272652e-01
1.739600000000000000e+04 9.428571428571428381e-01
1.873300000000000000e+04 9.705882352941176405e-01
1.832600000000000000e+04 9.655172413793103869e-01
1.773000000000000000e+04 7.826086956521739468e-01
1.713900000000000000e+04 9.230769230769231282e-01
1.739100000000000000e+04 8.000000000000000444e-01
1.866400000000000000e+04 6.250000000000000000e-01
1.749300000000000000e+04 6.734693877551020114e-01
1.811200000000000000e+04 8.076923076923077094e-01
1.833200000000000000e+04 2.857142857142856984e-01
1.807200000000000000e+04 8.666666666666666963e-01
1.769100000000000000e+04 3.714285714285714413e-01
1.691200000000000000e+04 8.223350253807106824e-01
1.780900000000000000e+04 9.629629629629629095e-01
1.844300000000000000e+04 7.343750000000000000e-01
1.722200000000000000e+04 5.789473684210526550e-01
1.711400000000000000e+04 8.750000000000000000e-01
1.766800000000000000e+04 3.333333333333333148e-01
1.804800000000000000e+04 4.782608695652174058e-01
1.811500000000000000e+04 9.230769230769231282e-01
1.686500000000000000e+04 5.837563451776649481e-01
1.738000000000000000e+04 4.857142857142857095e-01
1.705300000000000000e+04 3.947368421052631637e-01
1.836200000000000000e+04 8.421052631578946901e-01
1.771500000000000000e+04 1.304347826086956486e-01
1.772000000000000000e+04 3.478260869565217295e-01
1.840400000000000000e+04 1.250000000000000000e-01
1.862700000000000000e+04 5.555555555555555247e-02
1.856000000000000000e+04 7.954545454545454142e-01
1.840600000000000000e+04 1.562500000000000000e-01
1.764900000000000000e+04 8.613861386138613740e-01
1.845000000000000000e+04 8.437500000000000000e-01
1.829900000000000000e+04 3.448275862068965469e-02
1.812800000000000000e+04 3.529411764705882582e-01
1.824300000000000000e+04 9.306930693069307425e-01
1.872900000000000000e+04 8.529411764705882026e-01
1.799700000000000000e+04 5.940594059405940319e-01
1.778000000000000000e+04 7.500000000000000000e-01
1.862300000000000000e+04 8.181818181818182323e-01
1.802100000000000000e+04 8.316831683168316447e-01
1.872000000000000000e+04 5.882352941176470784e-01
1.747600000000000000e+04 3.265306122448979331e-01
1.811400000000000000e+04 8.846153846153845812e-01
1.784400000000000000e+04 7.894736842105262720e-02
1.805500000000000000e+04 7.826086956521739468e-01
1.805300000000000000e+04 6.956521739130434590e-01
1.692400000000000000e+04 8.832487309644669882e-01
1.735100000000000000e+04 2.352941176470588203e-01
1.859000000000000000e+04 3.846153846153846367e-01
1.769000000000000000e+04 3.428571428571428603e-01
1.692700000000000000e+04 8.984771573604061201e-01
1.742600000000000000e+04 9.230769230769231282e-01
1.755700000000000000e+04 8.000000000000000444e-01
1.793400000000000000e+04 7.500000000000000000e-01
1.877200000000000000e+04 9.250000000000000444e-01
1.711800000000000000e+04 1.153846153846153910e-01
1.720300000000000000e+04 7.894736842105262720e-02
1.733600000000000000e+04 8.554216867469879304e-01
1.753600000000000000e+04 3.333333333333333148e-01
1.839400000000000000e+04 7.692307692307692735e-01
1.765600000000000000e+04 9.306930693069307425e-01
1.687200000000000000e+04 6.192893401015228116e-01
1.780300000000000000e+04 7.407407407407406996e-01
1.749800000000000000e+04 7.755102040816326259e-01
1.717000000000000000e+04 7.692307692307692735e-01
1.862400000000000000e+04 8.636363636363636465e-01
1.790400000000000000e+04 5.416666666666666297e-01
1.685200000000000000e+04 5.177664974619289318e-01
1.713200000000000000e+04 6.538461538461538547e-01
1.690600000000000000e+04 7.918781725888325296e-01
1.842100000000000000e+04 3.906250000000000000e-01
1.751700000000000000e+04 7.142857142857143016e-01
1.724400000000000000e+04 2.916666666666666852e-01
1.810800000000000000e+04 6.538461538461538547e-01
1.777900000000000000e+04 6.250000000000000000e-01
1.853700000000000000e+04 5.340909090909090606e-01
1.736700000000000000e+04 1.142857142857142821e-01
1.736000000000000000e+04 7.647058823529411242e-01
1.751000000000000000e+04 3.333333333333333148e-01
1.718100000000000000e+04 7.500000000000000000e-01
1.707800000000000000e+04 5.999999999999999778e-01
1.832200000000000000e+04 8.275862068965517127e-01
1.809500000000000000e+04 1.538461538461538547e-01
1.701400000000000000e+04 7.311827956989247479e-01
1.738200000000000000e+04 5.428571428571428159e-01
1.799900000000000000e+04 6.138613861386138515e-01
1.806300000000000000e+04 2.666666666666666630e-01
1.686700000000000000e+04 5.939086294416243694e-01
1.688800000000000000e+04 7.005076142131979600e-01
1.722300000000000000e+04 6.052631578947368363e-01
1.840300000000000000e+04 1.093750000000000000e-01
1.689700000000000000e+04 7.461928934010152448e-01
1.703400000000000000e+04 9.462365591397849940e-01
1.844200000000000000e+04 7.187500000000000000e-01
1.861800000000000000e+04 5.909090909090909394e-01
1.822000000000000000e+04 7.029702970297029285e-01
1.854300000000000000e+04 6.022727272727272929e-01
1.858600000000000000e+04 2.307692307692307820e-01
1.873200000000000000e+04 9.411764705882352811e-01
1.710100000000000000e+04 6.250000000000000000e-02
1.867700000000000000e+04 1.428571428571428492e-01
1.865900000000000000e+04 3.125000000000000000e-01
1.865200000000000000e+04 6.250000000000000000e-01
1.718900000000000000e+04 4.000000000000000222e-01
1.838900000000000000e+04 3.846153846153846367e-01
1.685100000000000000e+04 5.126903553299492211e-01
1.780100000000000000e+04 6.666666666666666297e-01
1.791000000000000000e+04 6.666666666666666297e-01
1.705200000000000000e+04 3.684210526315789269e-01
1.748100000000000000e+04 4.285714285714285476e-01
1.753800000000000000e+04 4.074074074074073848e-01
1.754700000000000000e+04 7.407407407407406996e-01
1.742300000000000000e+04 6.923076923076922906e-01
1.745900000000000000e+04 9.428571428571428381e-01
1.874000000000000000e+04 1.250000000000000000e-01
1.873400000000000000e+04 3.333333333333333148e-01
1.864700000000000000e+04 8.000000000000000444e-01
1.787400000000000000e+04 8.684210526315789824e-01
1.709300000000000000e+04 6.470588235294117974e-01
1.801800000000000000e+04 8.019801980198020264e-01
1.745500000000000000e+04 8.285714285714286254e-01
1.803700000000000000e+04 9.900990099009900902e-01
1.766300000000000000e+04 2.500000000000000000e-01
1.857500000000000000e+04 9.659090909090909394e-01
1.853800000000000000e+04 5.454545454545454142e-01
1.830500000000000000e+04 2.413793103448275967e-01
1.715300000000000000e+04 3.333333333333333148e-01
1.725500000000000000e+04 7.500000000000000000e-01
1.800500000000000000e+04 6.732673267326733102e-01
1.853900000000000000e+04 5.568181818181817677e-01
1.771400000000000000e+04 8.695652173913043237e-02
1.807300000000000000e+04 9.333333333333333481e-01
1.862100000000000000e+04 7.272727272727272929e-01
1.826000000000000000e+04 2.340425531914893664e-01
1.777800000000000000e+04 5.000000000000000000e-01
1.838800000000000000e+04 3.076923076923077094e-01
1.866000000000000000e+04 3.750000000000000000e-01
1.830700000000000000e+04 3.103448275862069061e-01
1.834300000000000000e+04 8.095238095238095344e-01
1.751600000000000000e+04 5.714285714285713969e-01
1.739000000000000000e+04 7.714285714285714635e-01
1.754300000000000000e+04 5.925925925925925597e-01
1.708900000000000000e+04 4.117647058823529216e-01
1.837200000000000000e+04 5.333333333333333259e-01
1.706600000000000000e+04 7.368421052631578538e-01
1.686800000000000000e+04 5.989847715736040801e-01
1.841400000000000000e+04 2.812500000000000000e-01
1.805000000000000000e+04 5.652173913043477826e-01
1.707400000000000000e+04 9.473684210526315264e-01
1.703800000000000000e+04 9.892473118279569988e-01
1.769600000000000000e+04 5.142857142857142350e-01
1.707100000000000000e+04 8.684210526315789824e-01
1.738600000000000000e+04 6.571428571428571397e-01
1.735600000000000000e+04 5.294117647058823595e-01
1.691100000000000000e+04 8.172588832487309718e-01
1.806100000000000000e+04 1.333333333333333315e-01
1.723000000000000000e+04 7.894736842105263275e-01
1.755100000000000000e+04 8.888888888888888395e-01
1.720400000000000000e+04 1.052631578947368363e-01
1.814000000000000000e+04 7.058823529411765163e-01
1.857000000000000000e+04 9.090909090909090606e-01
1.708400000000000000e+04 1.176470588235294101e-01
1.803400000000000000e+04 9.603960396039603609e-01
1.734600000000000000e+04 9.759036144578313587e-01
1.685400000000000000e+04 5.279187817258883531e-01
1.767200000000000000e+04 7.777777777777777901e-01
1.709800000000000000e+04 9.411764705882352811e-01
1.771200000000000000e+04 9.714285714285714191e-01
1.716500000000000000e+04 6.410256410256410797e-01
1.864300000000000000e+04 9.444444444444444198e-01
1.876000000000000000e+04 6.250000000000000000e-01
1.712000000000000000e+04 1.923076923076923184e-01
1.688200000000000000e+04 6.700507614213198071e-01
1.689200000000000000e+04 7.208121827411168026e-01
1.823600000000000000e+04 8.613861386138613740e-01
1.738300000000000000e+04 5.714285714285713969e-01
1.863000000000000000e+04 2.222222222222222099e-01
1.718300000000000000e+04 1.000000000000000056e-01
1.843200000000000000e+04 5.625000000000000000e-01
1.764800000000000000e+04 8.514851485148514643e-01
1.809600000000000000e+04 1.923076923076923184e-01
1.750300000000000000e+04 8.775510204081632404e-01
1.782700000000000000e+04 5.454545454545454142e-01
1.864000000000000000e+04 7.777777777777777901e-01
1.775200000000000000e+04 6.666666666666666297e-01
1.874300000000000000e+04 2.000000000000000111e-01
1.743800000000000000e+04 3.428571428571428603e-01
1.857200000000000000e+04 9.318181818181817677e-01
1.753400000000000000e+04 2.592592592592592449e-01
1.838500000000000000e+04 7.692307692307692735e-02
1.734100000000000000e+04 9.156626506024095891e-01
1.833700000000000000e+04 5.238095238095238360e-01
1.822900000000000000e+04 7.920792079207921166e-01
1.856900000000000000e+04 8.977272727272727071e-01
1.783500000000000000e+04 7.878787878787878451e-01
1.722100000000000000e+04 5.526315789473684736e-01
1.782900000000000000e+04 6.060606060606060774e-01
1.744600000000000000e+04 5.714285714285713969e-01
1.788300000000000000e+04 1.041666666666666713e-01
1.749000000000000000e+04 6.122448979591836871e-01
1.808100000000000000e+04 3.125000000000000000e-01
1.709500000000000000e+04 7.647058823529411242e-01
1.806200000000000000e+04 2.000000000000000111e-01
1.745300000000000000e+04 7.714285714285714635e-01
1.789200000000000000e+04 2.916666666666666852e-01
1.740500000000000000e+04 4.444444444444444198e-01
1.845100000000000000e+04 8.593750000000000000e-01
1.842900000000000000e+04 5.156250000000000000e-01
1.775700000000000000e+04 3.333333333333333148e-01
1.810100000000000000e+04 3.846153846153846367e-01
1.717200000000000000e+04 8.205128205128204844e-01
1.872500000000000000e+04 7.352941176470588758e-01
1.715800000000000000e+04 4.615384615384615641e-01
1.768000000000000000e+04 5.714285714285714107e-02
1.733800000000000000e+04 8.795180722891565717e-01
1.809100000000000000e+04 9.375000000000000000e-01
1.790800000000000000e+04 6.250000000000000000e-01
1.865700000000000000e+04 1.875000000000000000e-01
1.710500000000000000e+04 3.125000000000000000e-01
1.752400000000000000e+04 7.500000000000000000e-01
1.831400000000000000e+04 5.517241379310344751e-01
1.864500000000000000e+04 4.000000000000000222e-01
1.779300000000000000e+04 3.703703703703703498e-01
1.724900000000000000e+04 5.000000000000000000e-01
1.767000000000000000e+04 5.555555555555555802e-01
1.845900000000000000e+04 9.843750000000000000e-01
1.864200000000000000e+04 8.888888888888888395e-01
1.713800000000000000e+04 8.846153846153845812e-01
1.828900000000000000e+04 8.510638297872340496e-01
1.768500000000000000e+04 2.000000000000000111e-01
1.808300000000000000e+04 4.375000000000000000e-01
1.843000000000000000e+04 5.312500000000000000e-01
1.799600000000000000e+04 5.841584158415841221e-01
1.834400000000000000e+04 8.571428571428570953e-01
1.767900000000000000e+04 2.857142857142857054e-02
1.754900000000000000e+04 8.148148148148147696e-01
1.877100000000000000e+04 9.000000000000000222e-01
1.689000000000000000e+04 7.106598984771573813e-01
1.692900000000000000e+04 9.086294416243654304e-01
1.719900000000000000e+04 9.000000000000000222e-01
1.822600000000000000e+04 7.623762376237623872e-01
1.835900000000000000e+04 6.842105263157894912e-01
1.685500000000000000e+04 5.329949238578680637e-01
1.744500000000000000e+04 5.428571428571428159e-01
1.866900000000000000e+04 9.375000000000000000e-01
1.869200000000000000e+04 8.571428571428570953e-01
1.774000000000000000e+04 3.333333333333333148e-01
1.843400000000000000e+04 5.937500000000000000e-01
1.752300000000000000e+04 6.250000000000000000e-01
1.752500000000000000e+04 8.750000000000000000e-01
1.875500000000000000e+04 5.000000000000000000e-01
1.721600000000000000e+04 4.210526315789473450e-01
1.789800000000000000e+04 4.166666666666666852e-01
1.814100000000000000e+04 7.352941176470588758e-01
1.738400000000000000e+04 5.999999999999999778e-01
1.736800000000000000e+04 1.428571428571428492e-01
1.777100000000000000e+04 7.647058823529411242e-01
1.859900000000000000e+04 7.307692307692307265e-01
1.748900000000000000e+04 5.918367346938775420e-01
1.708600000000000000e+04 2.352941176470588203e-01
1.808200000000000000e+04 3.750000000000000000e-01
1.686000000000000000e+04 5.583756345177665059e-01
1.775800000000000000e+04 6.666666666666666297e-01
1.775100000000000000e+04 3.333333333333333148e-01
1.785800000000000000e+04 4.473684210526315819e-01
1.747000000000000000e+04 2.040816326530612290e-01
1.791200000000000000e+04 7.083333333333333703e-01
1.685000000000000000e+04 5.076142131979695105e-01
1.707600000000000000e+04 2.000000000000000111e-01
1.867900000000000000e+04 2.380952380952380820e-01
1.837300000000000000e+04 5.999999999999999778e-01
1.777200000000000000e+04 8.235294117647058432e-01
1.859400000000000000e+04 5.384615384615384359e-01
1.807400000000000000e+04 2.500000000000000000e-01
1.860100000000000000e+04 8.076923076923077094e-01
1.751200000000000000e+04 5.000000000000000000e-01
1.804000000000000000e+04 1.304347826086956486e-01
1.786800000000000000e+04 7.105263157894736725e-01
1.793600000000000000e+04 5.000000000000000000e-01
1.793300000000000000e+04 5.000000000000000000e-01
1.868500000000000000e+04 5.238095238095238360e-01
1.747700000000000000e+04 3.469387755102040782e-01
1.864900000000000000e+04 2.500000000000000000e-01
1.738500000000000000e+04 6.285714285714285587e-01
1.801900000000000000e+04 8.118811881188119361e-01
1.862600000000000000e+04 9.545454545454545858e-01
1.786500000000000000e+04 6.315789473684210176e-01
1.856300000000000000e+04 8.295454545454545858e-01
1.761700000000000000e+04 5.445544554455445940e-01
1.835600000000000000e+04 5.263157894736841813e-01
1.788000000000000000e+04 4.166666666666666435e-02
1.689400000000000000e+04 7.309644670050761128e-01
1.711300000000000000e+04 8.125000000000000000e-01
1.762100000000000000e+04 5.841584158415841221e-01
1.723100000000000000e+04 8.157894736842105088e-01
1.771600000000000000e+04 1.739130434782608647e-01
1.707500000000000000e+04 9.736842105263158187e-01
1.712600000000000000e+04 4.230769230769230727e-01
1.779000000000000000e+04 2.592592592592592449e-01
1.743600000000000000e+04 2.857142857142856984e-01
1.785400000000000000e+04 3.421052631578947456e-01
1.810400000000000000e+04 5.000000000000000000e-01
1.808900000000000000e+04 8.125000000000000000e-01
1.786000000000000000e+04 5.000000000000000000e-01
1.690800000000000000e+04 8.020304568527918399e-01
1.767800000000000000e+04 8.333333333333333703e-01
1.830200000000000000e+04 1.379310344827586188e-01
1.828200000000000000e+04 7.021276595744680993e-01
1.702700000000000000e+04 8.709677419354838745e-01
1.775600000000000000e+04 8.000000000000000444e-01
1.871900000000000000e+04 5.588235294117647189e-01
1.860800000000000000e+04 1.363636363636363535e-01
1.734500000000000000e+04 9.638554216867469826e-01
1.858300000000000000e+04 1.153846153846153910e-01
1.787600000000000000e+04 9.210526315789473450e-01
1.776400000000000000e+04 3.529411764705882582e-01
1.702900000000000000e+04 8.924731182795698770e-01
1.746200000000000000e+04 4.081632653061224164e-02
1.814200000000000000e+04 7.647058823529411242e-01
1.763000000000000000e+04 6.732673267326733102e-01
1.772100000000000000e+04 3.913043478260869734e-01
1.766200000000000000e+04 9.900990099009900902e-01
1.755500000000000000e+04 4.000000000000000222e-01
1.752700000000000000e+04 6.666666666666666297e-01
1.838300000000000000e+04 3.333333333333333148e-01
1.751300000000000000e+04 1.428571428571428492e-01
1.714500000000000000e+04 1.282051282051281937e-01
1.811000000000000000e+04 7.307692307692307265e-01
1.694500000000000000e+04 9.898477157360405787e-01
1.766900000000000000e+04 4.444444444444444198e-01
1.773900000000000000e+04 2.500000000000000000e-01
1.772500000000000000e+04 5.652173913043477826e-01
1.812000000000000000e+04 1.176470588235294101e-01
1.704600000000000000e+04 2.105263157894736725e-01
1.863900000000000000e+04 7.222222222222222099e-01
1.732200000000000000e+04 6.867469879518072196e-01
1.767100000000000000e+04 6.666666666666666297e-01
1.737600000000000000e+04 3.714285714285714413e-01
1.869500000000000000e+04 1.428571428571428492e-01
1.787300000000000000e+04 8.421052631578946901e-01
1.732100000000000000e+04 6.746987951807228434e-01
1.801400000000000000e+04 7.623762376237623872e-01
1.738700000000000000e+04 6.857142857142857206e-01
1.824700000000000000e+04 9.702970297029702706e-01
1.703300000000000000e+04 9.354838709677418818e-01
1.783600000000000000e+04 8.181818181818182323e-01
1.870600000000000000e+04 1.764705882352941291e-01
1.763200000000000000e+04 6.930693069306930187e-01
1.801600000000000000e+04 7.821782178217822068e-01
1.773200000000000000e+04 8.695652173913043237e-01
1.835400000000000000e+04 4.210526315789473450e-01
1.702200000000000000e+04 8.172043010752688685e-01
1.778100000000000000e+04 8.750000000000000000e-01
1.825000000000000000e+04 2.127659574468085055e-02
1.776300000000000000e+04 2.941176470588235392e-01
1.741000000000000000e+04 7.222222222222222099e-01
1.749500000000000000e+04 7.142857142857143016e-01
1.863200000000000000e+04 3.333333333333333148e-01
1.826300000000000000e+04 2.978723404255319007e-01
1.753200000000000000e+04 1.851851851851851749e-01
1.800400000000000000e+04 6.633663366336634004e-01
1.835500000000000000e+04 4.736842105263157632e-01
1.832100000000000000e+04 7.931034482758620996e-01
1.774300000000000000e+04 5.833333333333333703e-01
1.812700000000000000e+04 3.235294117647058987e-01
1.733000000000000000e+04 7.831325301204818956e-01
1.770600000000000000e+04 8.000000000000000444e-01
1.716000000000000000e+04 5.128205128205127750e-01
1.778800000000000000e+04 1.851851851851851749e-01
1.742400000000000000e+04 7.692307692307692735e-01
1.775500000000000000e+04 5.999999999999999778e-01
1.685600000000000000e+04 5.380710659898476633e-01
1.873600000000000000e+04 2.500000000000000139e-02
1.778300000000000000e+04 6.666666666666666297e-01
1.842300000000000000e+04 4.218750000000000000e-01
1.712100000000000000e+04 2.307692307692307820e-01
1.762800000000000000e+04 6.534653465346534906e-01
1.781100000000000000e+04 6.060606060606060774e-02
1.859700000000000000e+04 6.538461538461538547e-01
1.786200000000000000e+04 5.526315789473684736e-01
1.827800000000000000e+04 6.170212765957446832e-01
1.830000000000000000e+04 6.896551724137930939e-02
1.811900000000000000e+04 8.823529411764706454e-02
1.873900000000000000e+04 1.000000000000000056e-01
1.804200000000000000e+04 2.173913043478260809e-01
1.866700000000000000e+04 8.125000000000000000e-01
1.789300000000000000e+04 3.125000000000000000e-01
1.774100000000000000e+04 4.166666666666666852e-01
1.830100000000000000e+04 1.034482758620689641e-01
1.873700000000000000e+04 5.000000000000000278e-02
1.743900000000000000e+04 3.714285714285714413e-01
1.774200000000000000e+04 5.000000000000000000e-01
1.860600000000000000e+04 4.545454545454545581e-02
1.784600000000000000e+04 1.315789473684210453e-01
1.744300000000000000e+04 4.857142857142857095e-01
1.771300000000000000e+04 4.347826086956521618e-02
1.735500000000000000e+04 4.705882352941176405e-01
1.791700000000000000e+04 8.125000000000000000e-01
1.811800000000000000e+04 5.882352941176470507e-02
1.778600000000000000e+04 1.111111111111111049e-01
1.720900000000000000e+04 2.368421052631578816e-01
1.725400000000000000e+04 7.083333333333333703e-01
1.765800000000000000e+04 9.504950495049504511e-01
1.694100000000000000e+04 9.695431472081218471e-01
1.845400000000000000e+04 9.062500000000000000e-01
1.746500000000000000e+04 1.020408163265306145e-01
1.824800000000000000e+04 9.801980198019801804e-01
1.870300000000000000e+04 8.823529411764706454e-02
1.725100000000000000e+04 5.833333333333333703e-01
1.813200000000000000e+04 4.705882352941176405e-01
1.827000000000000000e+04 4.468085106382978511e-01
1.687800000000000000e+04 6.497461928934009645e-01
1.702800000000000000e+04 8.817204301075268758e-01
1.864600000000000000e+04 5.999999999999999778e-01
1.765200000000000000e+04 8.910891089108911034e-01
1.687000000000000000e+04 6.091370558375635014e-01
1.745000000000000000e+04 6.857142857142857206e-01
1.841300000000000000e+04 2.656250000000000000e-01
1.746900000000000000e+04 1.836734693877551117e-01
1.741400000000000000e+04 9.444444444444444198e-01
1.813100000000000000e+04 4.411764705882352811e-01
1.832000000000000000e+04 7.586206896551723755e-01
1.712700000000000000e+04 4.615384615384615641e-01
1.741300000000000000e+04 8.888888888888888395e-01
1.745800000000000000e+04 9.142857142857142572e-01
1.708200000000000000e+04 7.500000000000000000e-01
1.742800000000000000e+04 5.714285714285714107e-02
1.787900000000000000e+04 2.083333333333333218e-02
1.733900000000000000e+04 8.915662650602409478e-01
1.749200000000000000e+04 6.530612244897958663e-01
1.715200000000000000e+04 3.076923076923077094e-01
1.875300000000000000e+04 4.500000000000000111e-01
1.793000000000000000e+04 6.666666666666666297e-01
1.755400000000000000e+04 2.000000000000000111e-01
1.825300000000000000e+04 8.510638297872340219e-02
1.841900000000000000e+04 3.593750000000000000e-01
1.845600000000000000e+04 9.375000000000000000e-01
1.810700000000000000e+04 6.153846153846154188e-01
1.869800000000000000e+04 5.714285714285713969e-01
1.743200000000000000e+04 1.714285714285714302e-01
1.701900000000000000e+04 7.849462365591397539e-01
1.858100000000000000e+04 3.846153846153846367e-02
1.861100000000000000e+04 2.727272727272727071e-01
1.745200000000000000e+04 7.428571428571428825e-01
1.814800000000000000e+04 9.411764705882352811e-01
1.768400000000000000e+04 1.714285714285714302e-01
1.693300000000000000e+04 9.289340101522842730e-01
1.829000000000000000e+04 8.723404255319149314e-01
1.764100000000000000e+04 7.821782178217822068e-01
1.691400000000000000e+04 8.324873096446701037e-01
1.841500000000000000e+04 2.968750000000000000e-01
1.824500000000000000e+04 9.504950495049504511e-01
1.867500000000000000e+04 4.761904761904761640e-02
1.737100000000000000e+04 2.285714285714285643e-01
1.692800000000000000e+04 9.035532994923858308e-01
1.843300000000000000e+04 5.781250000000000000e-01
1.770700000000000000e+04 8.285714285714286254e-01
1.845200000000000000e+04 8.750000000000000000e-01
1.859100000000000000e+04 4.230769230769230727e-01
1.720800000000000000e+04 2.105263157894736725e-01
1.875200000000000000e+04 4.249999999999999889e-01
1.842200000000000000e+04 4.062500000000000000e-01
1.709000000000000000e+04 4.705882352941176405e-01
1.838600000000000000e+04 1.538461538461538547e-01
1.823500000000000000e+04 8.514851485148514643e-01
1.809800000000000000e+04 2.692307692307692180e-01
1.832700000000000000e+04 4.761904761904761640e-02
1.718000000000000000e+04 5.000000000000000000e-01
1.832300000000000000e+04 8.620689655172413257e-01
1.685900000000000000e+04 5.532994923857867953e-01
1.746600000000000000e+04 1.224489795918367319e-01
1.805800000000000000e+04 9.130434782608695121e-01
1.717600000000000000e+04 9.230769230769231282e-01
1.709600000000000000e+04 8.235294117647058432e-01
1.827600000000000000e+04 5.744680851063830307e-01
1.857400000000000000e+04 9.545454545454545858e-01
1.720200000000000000e+04 5.263157894736841813e-02
1.691600000000000000e+04 8.426395939086294140e-01
1.724700000000000000e+04 4.166666666666666852e-01
1.803100000000000000e+04 9.306930693069307425e-01
1.792500000000000000e+04 9.791666666666666297e-01
1.747500000000000000e+04 3.061224489795918435e-01
1.802900000000000000e+04 9.108910891089109230e-01
1.873100000000000000e+04 9.117647058823529216e-01
1.706700000000000000e+04 7.631578947368421462e-01
1.875100000000000000e+04 4.000000000000000222e-01
1.765100000000000000e+04 8.811881188118811936e-01
1.877300000000000000e+04 9.499999999999999556e-01
1.839300000000000000e+04 6.923076923076922906e-01
1.748000000000000000e+04 4.081632653061224580e-01
1.723200000000000000e+04 8.421052631578946901e-01
1.751900000000000000e+04 1.250000000000000000e-01
1.710900000000000000e+04 5.625000000000000000e-01
1.732900000000000000e+04 7.710843373493976305e-01
1.746300000000000000e+04 6.122448979591836593e-02
1.772200000000000000e+04 4.347826086956521618e-01
1.741200000000000000e+04 8.333333333333333703e-01
1.713700000000000000e+04 8.461538461538461453e-01
1.706300000000000000e+04 6.578947368421053099e-01
1.714100000000000000e+04 2.564102564102564014e-02
1.734000000000000000e+04 9.036144578313253239e-01
1.694200000000000000e+04 9.746192893401015578e-01
1.829100000000000000e+04 8.936170212765957022e-01
1.769500000000000000e+04 4.857142857142857095e-01
1.706500000000000000e+04 7.105263157894736725e-01
1.822700000000000000e+04 7.722772277227722970e-01
1.751500000000000000e+04 4.285714285714285476e-01
1.721000000000000000e+04 2.631578947368420907e-01
1.856500000000000000e+04 8.522727272727272929e-01
1.702000000000000000e+04 7.956989247311827551e-01
1.873500000000000000e+04 6.666666666666666297e-01
1.707000000000000000e+04 8.421052631578946901e-01
1.834500000000000000e+04 9.047619047619047672e-01
1.733400000000000000e+04 8.313253012048192891e-01
1.780800000000000000e+04 9.259259259259259300e-01
1.737400000000000000e+04 3.142857142857142794e-01
1.812300000000000000e+04 2.058823529411764608e-01
1.792600000000000000e+04 5.000000000000000000e-01
1.711000000000000000e+04 6.250000000000000000e-01
1.865800000000000000e+04 2.500000000000000000e-01
1.716300000000000000e+04 5.897435897435897578e-01
1.750600000000000000e+04 9.387755102040816757e-01
1.739400000000000000e+04 8.857142857142856762e-01
1.844500000000000000e+04 7.656250000000000000e-01
1.831500000000000000e+04 5.862068965517240882e-01
1.786400000000000000e+04 6.052631578947368363e-01
1.813600000000000000e+04 5.882352941176470784e-01
1.860700000000000000e+04 9.090909090909091161e-02
1.832900000000000000e+04 1.428571428571428492e-01
1.740000000000000000e+04 1.666666666666666574e-01
1.732800000000000000e+04 7.590361445783132543e-01
1.689800000000000000e+04 7.512690355329949554e-01
1.725300000000000000e+04 6.666666666666666297e-01
1.704400000000000000e+04 1.578947368421052544e-01
1.868700000000000000e+04 6.190476190476190688e-01
1.693500000000000000e+04 9.390862944162436943e-01
1.874800000000000000e+04 3.250000000000000111e-01
1.693900000000000000e+04 9.593908629441624258e-01
1.812500000000000000e+04 2.647058823529411797e-01
1.752200000000000000e+04 5.000000000000000000e-01
1.723700000000000000e+04 9.736842105263158187e-01
1.705500000000000000e+04 4.473684210526315819e-01
1.855200000000000000e+04 7.045454545454545858e-01
1.833400000000000000e+04 3.809523809523809312e-01
1.687400000000000000e+04 6.294416243654822329e-01
1.718700000000000000e+04 2.999999999999999889e-01
1.802500000000000000e+04 8.712871287128712838e-01
1.749100000000000000e+04 6.326530612244898322e-01
1.705800000000000000e+04 5.263157894736841813e-01
1.828500000000000000e+04 7.659574468085106336e-01
1.738100000000000000e+04 5.142857142857142350e-01
1.868900000000000000e+04 7.142857142857143016e-01
1.814400000000000000e+04 8.235294117647058432e-01
1.765500000000000000e+04 9.207920792079208328e-01
1.739800000000000000e+04 5.555555555555555247e-02
1.791500000000000000e+04 7.708333333333333703e-01
1.766400000000000000e+04 5.000000000000000000e-01
1.715600000000000000e+04 4.102564102564102422e-01
1.869700000000000000e+04 4.285714285714285476e-01
1.803200000000000000e+04 9.405940594059405413e-01
1.771700000000000000e+04 2.173913043478260809e-01
1.876500000000000000e+04 7.500000000000000000e-01
1.768600000000000000e+04 2.285714285714285643e-01
1.725200000000000000e+04 6.250000000000000000e-01
1.841200000000000000e+04 2.500000000000000000e-01
1.870700000000000000e+04 2.058823529411764608e-01
1.777400000000000000e+04 9.411764705882352811e-01
1.716900000000000000e+04 7.435897435897436125e-01
1.860500000000000000e+04 9.615384615384615641e-01
1.801500000000000000e+04 7.722772277227722970e-01
1.783800000000000000e+04 8.787878787878787845e-01
1.776700000000000000e+04 5.294117647058823595e-01
1.789900000000000000e+04 4.375000000000000000e-01
1.871600000000000000e+04 4.705882352941176405e-01
1.809200000000000000e+04 3.846153846153846367e-02
1.753300000000000000e+04 2.222222222222222099e-01
1.839600000000000000e+04 9.230769230769231282e-01
1.835300000000000000e+04 3.684210526315789269e-01
1.782200000000000000e+04 3.939393939393939226e-01
1.709400000000000000e+04 7.058823529411765163e-01
1.775000000000000000e+04 7.500000000000000000e-01
1.854400000000000000e+04 6.136363636363636465e-01
1.854600000000000000e+04 6.363636363636363535e-01
1.692500000000000000e+04 8.883248730964466988e-01
1.839000000000000000e+04 4.615384615384615641e-01
1.867000000000000000e+04 2.000000000000000111e-01
1.772600000000000000e+04 6.086956521739130821e-01
1.799800000000000000e+04 6.039603960396039417e-01
1.692100000000000000e+04 8.680203045685279672e-01
1.827300000000000000e+04 5.106382978723403854e-01
1.860000000000000000e+04 7.692307692307692735e-01
1.772800000000000000e+04 6.956521739130434590e-01
1.804900000000000000e+04 5.217391304347825942e-01
1.723800000000000000e+04 4.166666666666666435e-02
1.753900000000000000e+04 4.444444444444444198e-01
1.806800000000000000e+04 5.999999999999999778e-01
1.830900000000000000e+04 3.793103448275861878e-01
1.805900000000000000e+04 9.565217391304348116e-01
1.823900000000000000e+04 8.910891089108911034e-01
1.840900000000000000e+04 2.031250000000000000e-01
1.776000000000000000e+04 1.176470588235294101e-01
1.844000000000000000e+04 6.875000000000000000e-01
1.824900000000000000e+04 9.900990099009900902e-01
1.704000000000000000e+04 5.263157894736841813e-02
1.701000000000000000e+04 6.881720430107527431e-01
1.809400000000000000e+04 1.153846153846153910e-01
1.773400000000000000e+04 9.565217391304348116e-01
1.831800000000000000e+04 6.896551724137931494e-01
1.865100000000000000e+04 5.000000000000000000e-01
1.773600000000000000e+04 6.666666666666666297e-01
1.866300000000000000e+04 5.625000000000000000e-01
1.786300000000000000e+04 5.789473684210526550e-01
1.779700000000000000e+04 5.185185185185184897e-01
1.778700000000000000e+04 1.481481481481481399e-01
1.767500000000000000e+04 3.333333333333333148e-01
1.844900000000000000e+04 8.281250000000000000e-01
1.807100000000000000e+04 8.000000000000000444e-01
1.836700000000000000e+04 2.000000000000000111e-01
1.763600000000000000e+04 7.326732673267326579e-01
1.808600000000000000e+04 6.250000000000000000e-01
1.855700000000000000e+04 7.613636363636363535e-01
1.693600000000000000e+04 9.441624365482234049e-01
1.782100000000000000e+04 3.636363636363636465e-01
1.692300000000000000e+04 8.781725888324872775e-01
1.752100000000000000e+04 3.750000000000000000e-01
1.688600000000000000e+04 6.903553299492385387e-01
1.829500000000000000e+04 9.787234042553191182e-01
1.825800000000000000e+04 1.914893617021276584e-01
1.740300000000000000e+04 3.333333333333333148e-01
1.832500000000000000e+04 9.310344827586206629e-01
1.711900000000000000e+04 1.538461538461538547e-01
1.747100000000000000e+04 2.244897959183673464e-01
1.780700000000000000e+04 8.888888888888888395e-01
1.721700000000000000e+04 4.473684210526315819e-01
1.703200000000000000e+04 9.247311827956988806e-01
1.773500000000000000e+04 3.333333333333333148e-01
1.792900000000000000e+04 5.000000000000000000e-01
1.703700000000000000e+04 9.784946236559139976e-01
1.780200000000000000e+04 7.037037037037037202e-01
1.768100000000000000e+04 8.571428571428571508e-02
1.802300000000000000e+04 8.514851485148514643e-01
1.785200000000000000e+04 2.894736842105263275e-01
1.874700000000000000e+04 2.999999999999999889e-01
1.704800000000000000e+04 2.631578947368420907e-01
1.741600000000000000e+04 1.538461538461538547e-01
1.872300000000000000e+04 6.764705882352941568e-01
1.830300000000000000e+04 1.724137931034482873e-01
1.829600000000000000e+04 2.500000000000000000e-01
1.790300000000000000e+04 5.208333333333333703e-01
1.710700000000000000e+04 4.375000000000000000e-01
1.737800000000000000e+04 4.285714285714285476e-01
1.753500000000000000e+04 2.962962962962962798e-01
1.771100000000000000e+04 9.428571428571428381e-01
1.768800000000000000e+04 2.857142857142856984e-01
1.862800000000000000e+04 1.111111111111111049e-01
1.719300000000000000e+04 5.999999999999999778e-01
1.748400000000000000e+04 4.897959183673469274e-01
1.768700000000000000e+04 2.571428571428571175e-01
1.704500000000000000e+04 1.842105263157894635e-01
1.719800000000000000e+04 8.499999999999999778e-01
1.862200000000000000e+04 7.727272727272727071e-01
1.684900000000000000e+04 5.025380710659897998e-01
1.875900000000000000e+04 5.999999999999999778e-01
1.689100000000000000e+04 7.157360406091370919e-01
1.833300000000000000e+04 3.333333333333333148e-01
1.832400000000000000e+04 8.965517241379310498e-01
1.837800000000000000e+04 9.333333333333333481e-01
1.859600000000000000e+04 6.153846153846154188e-01
1.736500000000000000e+04 5.714285714285714107e-02
1.724200000000000000e+04 2.083333333333333426e-01
1.717100000000000000e+04 7.948717948717948234e-01
1.863500000000000000e+04 5.000000000000000000e-01
1.806600000000000000e+04 4.666666666666666741e-01
1.791300000000000000e+04 7.291666666666666297e-01
1.702500000000000000e+04 8.494623655913978721e-01
1.826100000000000000e+04 2.553191489361701927e-01
1.800600000000000000e+04 6.831683168316832200e-01
1.868000000000000000e+04 2.857142857142856984e-01
1.854200000000000000e+04 5.909090909090909394e-01
1.769200000000000000e+04 4.000000000000000222e-01
1.823300000000000000e+04 8.316831683168316447e-01
1.772700000000000000e+04 6.521739130434782705e-01
1.733700000000000000e+04 8.674698795180723065e-01
1.769800000000000000e+04 5.714285714285713969e-01
1.840100000000000000e+04 7.812500000000000000e-02
1.808700000000000000e+04 6.875000000000000000e-01
1.842700000000000000e+04 4.843750000000000000e-01
1.745700000000000000e+04 8.857142857142856762e-01
1.770400000000000000e+04 7.428571428571428825e-01
1.788700000000000000e+04 1.875000000000000000e-01
1.750100000000000000e+04 8.367346938775510612e-01
1.826600000000000000e+04 3.617021276595744905e-01
1.871700000000000000e+04 5.000000000000000000e-01
1.842400000000000000e+04 4.375000000000000000e-01
1.841600000000000000e+04 3.125000000000000000e-01
1.830600000000000000e+04 2.758620689655172376e-01
1.783100000000000000e+04 6.666666666666666297e-01
1.871300000000000000e+04 3.823529411764705621e-01
1.835700000000000000e+04 5.789473684210526550e-01
1.835100000000000000e+04 2.631578947368420907e-01
1.779500000000000000e+04 4.444444444444444198e-01
1.813800000000000000e+04 6.470588235294117974e-01
1.705900000000000000e+04 5.526315789473684736e-01
1.735300000000000000e+04 3.529411764705882582e-01
1.842800000000000000e+04 5.000000000000000000e-01
1.867300000000000000e+04 8.000000000000000444e-01
1.744000000000000000e+04 4.000000000000000222e-01
1.784200000000000000e+04 2.631578947368420907e-02
1.715900000000000000e+04 4.871794871794871695e-01
1.762600000000000000e+04 6.336633663366336711e-01
1.710800000000000000e+04 5.000000000000000000e-01
1.823000000000000000e+04 8.019801980198020264e-01
1.750500000000000000e+04 9.183673469387755306e-01
1.781000000000000000e+04 3.030303030303030387e-02
1.863100000000000000e+04 2.777777777777777901e-01
1.719100000000000000e+04 5.000000000000000000e-01
1.767400000000000000e+04 1.666666666666666574e-01
1.772900000000000000e+04 7.391304347826086474e-01
1.693000000000000000e+04 9.137055837563451410e-01
1.830400000000000000e+04 2.068965517241379282e-01
1.824000000000000000e+04 9.009900990099010132e-01
1.767600000000000000e+04 5.000000000000000000e-01
1.703600000000000000e+04 9.677419354838709964e-01
1.807800000000000000e+04 1.250000000000000000e-01
1.708000000000000000e+04 2.500000000000000000e-01
1.789000000000000000e+04 2.500000000000000000e-01
1.814300000000000000e+04 7.941176470588234837e-01
1.814700000000000000e+04 9.117647058823529216e-01
1.688500000000000000e+04 6.852791878172588280e-01
1.827500000000000000e+04 5.531914893617021489e-01
1.692000000000000000e+04 8.629441624365482566e-01
1.712400000000000000e+04 3.461538461538461453e-01
1.834000000000000000e+04 6.666666666666666297e-01
1.743000000000000000e+04 1.142857142857142821e-01
1.740800000000000000e+04 6.111111111111111605e-01
1.788800000000000000e+04 2.083333333333333426e-01
1.800000000000000000e+04 6.237623762376237613e-01
1.714700000000000000e+04 1.794871794871794879e-01
1.746000000000000000e+04 9.714285714285714191e-01
1.876300000000000000e+04 6.999999999999999556e-01
1.811100000000000000e+04 7.692307692307692735e-01
1.785000000000000000e+04 2.368421052631578816e-01
1.845700000000000000e+04 9.531250000000000000e-01
1.725800000000000000e+04 8.750000000000000000e-01
1.769300000000000000e+04 4.285714285714285476e-01
1.802400000000000000e+04 8.613861386138613740e-01
1.800700000000000000e+04 6.930693069306930187e-01
1.826400000000000000e+04 3.191489361702127825e-01
1.843800000000000000e+04 6.562500000000000000e-01
1.739900000000000000e+04 1.111111111111111049e-01
1.742200000000000000e+04 6.153846153846154188e-01
1.766100000000000000e+04 9.801980198019801804e-01
1.804500000000000000e+04 3.478260869565217295e-01
1.805100000000000000e+04 6.086956521739130821e-01
1.837000000000000000e+04 4.000000000000000222e-01
1.750800000000000000e+04 9.795918367346938549e-01
1.715100000000000000e+04 2.820512820512820484e-01
1.831600000000000000e+04 6.206896551724138122e-01
1.861700000000000000e+04 5.454545454545454142e-01
1.782300000000000000e+04 4.242424242424242542e-01
1.784500000000000000e+04 1.052631578947368363e-01
1.780500000000000000e+04 8.148148148148147696e-01
1.736100000000000000e+04 8.235294117647058432e-01
1.854800000000000000e+04 6.590909090909090606e-01
1.845300000000000000e+04 8.906250000000000000e-01
1.785100000000000000e+04 2.631578947368420907e-01
1.748600000000000000e+04 5.306122448979592177e-01
1.857100000000000000e+04 9.204545454545454142e-01
1.747400000000000000e+04 2.857142857142856984e-01
1.731900000000000000e+04 6.506024096385542022e-01
1.762900000000000000e+04 6.633663366336634004e-01
1.791400000000000000e+04 7.500000000000000000e-01
1.844600000000000000e+04 7.812500000000000000e-01
1.788200000000000000e+04 8.333333333333332871e-02
1.860400000000000000e+04 9.230769230769231282e-01
1.691700000000000000e+04 8.477157360406091247e-01
1.690100000000000000e+04 7.664974619289339763e-01
1.714400000000000000e+04 1.025641025641025605e-01
1.688700000000000000e+04 6.954314720812182493e-01
1.861900000000000000e+04 6.363636363636363535e-01
1.844800000000000000e+04 8.125000000000000000e-01
1.793200000000000000e+04 2.500000000000000000e-01
1.774800000000000000e+04 2.500000000000000000e-01
1.770300000000000000e+04 7.142857142857143016e-01
1.831000000000000000e+04 4.137931034482758563e-01
1.708300000000000000e+04 5.882352941176470507e-02
1.856700000000000000e+04 8.750000000000000000e-01
1.841100000000000000e+04 2.343750000000000000e-01
1.876100000000000000e+04 6.500000000000000222e-01
1.866800000000000000e+04 8.750000000000000000e-01
1.844100000000000000e+04 7.031250000000000000e-01
1.763900000000000000e+04 7.623762376237623872e-01
1.721800000000000000e+04 4.736842105263157632e-01
1.835800000000000000e+04 6.315789473684210176e-01
1.719200000000000000e+04 5.500000000000000444e-01
1.778200000000000000e+04 3.333333333333333148e-01
1.777500000000000000e+04 1.250000000000000000e-01
1.710300000000000000e+04 1.875000000000000000e-01
1.712900000000000000e+04 5.384615384615384359e-01
1.831100000000000000e+04 4.482758620689655249e-01
1.686900000000000000e+04 6.040609137055837907e-01
1.764200000000000000e+04 7.920792079207921166e-01
1.701700000000000000e+04 7.634408602150537515e-01
1.875700000000000000e+04 5.500000000000000444e-01
1.871200000000000000e+04 3.529411764705882582e-01
1.723300000000000000e+04 8.684210526315789824e-01
1.790600000000000000e+04 5.833333333333333703e-01
1.742700000000000000e+04 2.857142857142857054e-02
1.717300000000000000e+04 8.461538461538461453e-01
1.766700000000000000e+04 2.222222222222222099e-01
1.734400000000000000e+04 9.518072289156626065e-01
1.703900000000000000e+04 2.631578947368420907e-02
1.747200000000000000e+04 2.448979591836734637e-01
1.718400000000000000e+04 1.499999999999999944e-01
1.843100000000000000e+04 5.468750000000000000e-01
1.805700000000000000e+04 8.695652173913043237e-01
1.824200000000000000e+04 9.207920792079208328e-01
1.833800000000000000e+04 5.714285714285713969e-01
1.840700000000000000e+04 1.718750000000000000e-01
1.762500000000000000e+04 6.237623762376237613e-01
1.805600000000000000e+04 8.260869565217391353e-01
1.714900000000000000e+04 2.307692307692307820e-01
1.839700000000000000e+04 1.562500000000000000e-02
1.716800000000000000e+04 7.179487179487179516e-01
1.764300000000000000e+04 8.019801980198020264e-01
1.827700000000000000e+04 5.957446808510638014e-01
1.691300000000000000e+04 8.274111675126903931e-01
1.764400000000000000e+04 8.118811881188119361e-01
1.701200000000000000e+04 7.096774193548387455e-01
1.791100000000000000e+04 6.875000000000000000e-01
1.781500000000000000e+04 1.818181818181818232e-01
1.688900000000000000e+04 7.055837563451776706e-01
1.861500000000000000e+04 4.545454545454545303e-01
1.800200000000000000e+04 6.435643564356435808e-01
1.742900000000000000e+04 8.571428571428571508e-02
1.708700000000000000e+04 2.941176470588235392e-01
1.743400000000000000e+04 2.285714285714285643e-01
1.702600000000000000e+04 8.602150537634408733e-01
1.814500000000000000e+04 8.529411764705882026e-01
1.874600000000000000e+04 2.750000000000000222e-01
1.718200000000000000e+04 5.000000000000000278e-02
1.706100000000000000e+04 6.052631578947368363e-01
1.858500000000000000e+04 1.923076923076923184e-01
1.745400000000000000e+04 8.000000000000000444e-01
1.825100000000000000e+04 4.255319148936170109e-02
1.693800000000000000e+04 9.543147208121827152e-01
1.739300000000000000e+04 8.571428571428570953e-01
1.810200000000000000e+04 4.230769230769230727e-01
1.801000000000000000e+04 7.227722772277227481e-01
1.860300000000000000e+04 8.846153846153845812e-01
1.693700000000000000e+04 9.492385786802030045e-01
1.836000000000000000e+04 7.368421052631578538e-01
1.754600000000000000e+04 7.037037037037037202e-01
1.694000000000000000e+04 9.644670050761421365e-01
1.723500000000000000e+04 9.210526315789473450e-01
1.735400000000000000e+04 4.117647058823529216e-01
1.704700000000000000e+04 2.368421052631578816e-01
1.874100000000000000e+04 1.499999999999999944e-01
1.720100000000000000e+04 2.631578947368420907e-02
1.822400000000000000e+04 7.425742574257425677e-01
1.746700000000000000e+04 1.428571428571428492e-01
1.783000000000000000e+04 6.363636363636363535e-01
1.869600000000000000e+04 2.857142857142856984e-01
1.744200000000000000e+04 4.571428571428571286e-01
1.750200000000000000e+04 8.571428571428570953e-01
1.873000000000000000e+04 8.823529411764705621e-01
1.839100000000000000e+04 5.384615384615384359e-01
1.790700000000000000e+04 6.041666666666666297e-01
1.738800000000000000e+04 7.142857142857143016e-01
1.750900000000000000e+04 5.000000000000000000e-01
1.840200000000000000e+04 9.375000000000000000e-02
1.870400000000000000e+04 1.176470588235294101e-01
1.717900000000000000e+04 2.500000000000000000e-01
1.843500000000000000e+04 6.093750000000000000e-01
1.686100000000000000e+04 5.634517766497462166e-01
1.836800000000000000e+04 2.666666666666666630e-01
1.876800000000000000e+04 8.249999999999999556e-01
1.858400000000000000e+04 1.538461538461538547e-01
1.791900000000000000e+04 8.541666666666666297e-01
1.754500000000000000e+04 6.666666666666666297e-01
1.813700000000000000e+04 6.176470588235294379e-01
1.803900000000000000e+04 8.695652173913043237e-02
1.855400000000000000e+04 7.272727272727272929e-01
1.689300000000000000e+04 7.258883248730964022e-01
1.725000000000000000e+04 5.416666666666666297e-01
1.858200000000000000e+04 7.692307692307692735e-02
1.777300000000000000e+04 8.823529411764705621e-01
1.872700000000000000e+04 7.941176470588234837e-01
1.770100000000000000e+04 6.571428571428571397e-01
1.856200000000000000e+04 8.181818181818182323e-01
1.813000000000000000e+04 4.117647058823529216e-01
1.835000000000000000e+04 2.105263157894736725e-01
1.786100000000000000e+04 5.263157894736841813e-01
1.874200000000000000e+04 1.749999999999999889e-01
1.870500000000000000e+04 1.470588235294117696e-01
1.783200000000000000e+04 6.969696969696970168e-01
1.836100000000000000e+04 7.894736842105263275e-01
1.743500000000000000e+04 2.571428571428571175e-01
1.740600000000000000e+04 5.000000000000000000e-01
1.837100000000000000e+04 4.666666666666666741e-01
1.713100000000000000e+04 6.153846153846154188e-01
1.863800000000000000e+04 6.666666666666666297e-01
1.731800000000000000e+04 6.385542168674698260e-01
1.754100000000000000e+04 5.185185185185184897e-01
1.830800000000000000e+04 3.448275862068965747e-01
1.784100000000000000e+04 9.696969696969697239e-01
1.813400000000000000e+04 5.294117647058823595e-01
1.787700000000000000e+04 9.473684210526315264e-01
1.784700000000000000e+04 1.578947368421052544e-01
1.779100000000000000e+04 2.962962962962962798e-01
1.722800000000000000e+04 7.368421052631578538e-01
1.784300000000000000e+04 5.263157894736841813e-02
1.705400000000000000e+04 4.210526315789473450e-01
1.867800000000000000e+04 1.904761904761904656e-01
1.761800000000000000e+04 5.544554455445545038e-01
1.712200000000000000e+04 2.692307692307692180e-01
1.722500000000000000e+04 6.578947368421053099e-01
1.711700000000000000e+04 7.692307692307692735e-02
1.829800000000000000e+04 7.500000000000000000e-01
1.701100000000000000e+04 6.989247311827957443e-01
1.706200000000000000e+04 6.315789473684210176e-01
1.856600000000000000e+04 8.636363636363636465e-01
1.804700000000000000e+04 4.347826086956521618e-01
1.768300000000000000e+04 1.428571428571428492e-01
1.828300000000000000e+04 7.234042553191489811e-01
1.814900000000000000e+04 9.705882352941176405e-01
1.766500000000000000e+04 7.500000000000000000e-01
1.871800000000000000e+04 5.294117647058823595e-01
1.693400000000000000e+04 9.340101522842639836e-01
1.862900000000000000e+04 1.666666666666666574e-01
1.771900000000000000e+04 3.043478260869565410e-01
1.716200000000000000e+04 5.641025641025640969e-01
1.779400000000000000e+04 4.074074074074073848e-01
1.716600000000000000e+04 6.666666666666666297e-01
1.834700000000000000e+04 5.263157894736841813e-02
1.785600000000000000e+04 3.947368421052631637e-01
1.801200000000000000e+04 7.425742574257425677e-01
1.725600000000000000e+04 7.916666666666666297e-01
1.691000000000000000e+04 8.121827411167512611e-01
1.779600000000000000e+04 4.814814814814814548e-01
1.855300000000000000e+04 7.159090909090909394e-01
1.714300000000000000e+04 7.692307692307692735e-02
1.774700000000000000e+04 9.166666666666666297e-01
1.822100000000000000e+04 7.128712871287128383e-01
1.691500000000000000e+04 8.375634517766497034e-01
1.749400000000000000e+04 6.938775510204081565e-01
1.838200000000000000e+04 8.000000000000000444e-01
1.740200000000000000e+04 2.777777777777777901e-01
1.775900000000000000e+04 5.882352941176470507e-02
1.763700000000000000e+04 7.425742574257425677e-01
1.693200000000000000e+04 9.238578680203045623e-01
1.806700000000000000e+04 5.333333333333333259e-01
1.711500000000000000e+04 9.375000000000000000e-01
1.741900000000000000e+04 3.846153846153846367e-01
1.828800000000000000e+04 8.297872340425531679e-01
1.708800000000000000e+04 3.529411764705882582e-01
1.807900000000000000e+04 1.875000000000000000e-01
1.775400000000000000e+04 4.000000000000000222e-01
1.877400000000000000e+04 9.749999999999999778e-01
1.827100000000000000e+04 4.680851063829787329e-01
1.802800000000000000e+04 9.009900990099010132e-01
1.713400000000000000e+04 7.307692307692307265e-01
1.762400000000000000e+04 6.138613861386138515e-01
1.858000000000000000e+04 7.500000000000000000e-01
1.855900000000000000e+04 7.840909090909090606e-01
1.781900000000000000e+04 3.030303030303030387e-01
1.836300000000000000e+04 8.947368421052631637e-01
1.829200000000000000e+04 9.148936170212765839e-01
1.721400000000000000e+04 3.684210526315789269e-01
1.831200000000000000e+04 4.827586206896551935e-01
1.837400000000000000e+04 6.666666666666666297e-01
1.686300000000000000e+04 5.736040609137056379e-01
1.812900000000000000e+04 3.823529411764705621e-01
1.755000000000000000e+04 8.518518518518518601e-01
1.721500000000000000e+04 3.947368421052631637e-01
1.869400000000000000e+04 9.523809523809523281e-01
1.808800000000000000e+04 7.500000000000000000e-01
1.804400000000000000e+04 3.043478260869565410e-01
1.725700000000000000e+04 8.333333333333333703e-01
1.770800000000000000e+04 8.571428571428570953e-01
1.734200000000000000e+04 9.277108433734939652e-01
1.833100000000000000e+04 2.380952380952380820e-01
1.719500000000000000e+04 6.999999999999999556e-01
1.808500000000000000e+04 5.625000000000000000e-01
1.803300000000000000e+04 9.504950495049504511e-01
1.752800000000000000e+04 3.703703703703703498e-02
1.746800000000000000e+04 1.632653061224489666e-01
1.773700000000000000e+04 8.333333333333332871e-02
1.779200000000000000e+04 3.333333333333333148e-01
1.863400000000000000e+04 4.444444444444444198e-01
1.740900000000000000e+04 6.666666666666666297e-01
1.763100000000000000e+04 6.831683168316832200e-01
1.719600000000000000e+04 7.500000000000000000e-01
1.709200000000000000e+04 5.882352941176470784e-01
1.716100000000000000e+04 5.384615384615384359e-01
1.754800000000000000e+04 7.777777777777777901e-01
1.701800000000000000e+04 7.741935483870967527e-01
1.781400000000000000e+04 1.515151515151515194e-01
1.703000000000000000e+04 9.032258064516128782e-01
1.762000000000000000e+04 5.742574257425742124e-01
1.791600000000000000e+04 7.916666666666666297e-01
1.789500000000000000e+04 3.541666666666666852e-01
1.762300000000000000e+04 6.039603960396039417e-01
1.765300000000000000e+04 9.009900990099010132e-01
1.710600000000000000e+04 3.750000000000000000e-01
1.721900000000000000e+04 5.000000000000000000e-01
1.767300000000000000e+04 8.888888888888888395e-01
1.782000000000000000e+04 3.333333333333333148e-01
1.722600000000000000e+04 6.842105263157894912e-01
1.789400000000000000e+04 3.333333333333333148e-01
1.707200000000000000e+04 8.947368421052631637e-01
1.865400000000000000e+04 8.750000000000000000e-01
1.855800000000000000e+04 7.727272727272727071e-01
1.735700000000000000e+04 5.882352941176470784e-01
1.869300000000000000e+04 9.047619047619047672e-01
1.733100000000000000e+04 7.951807228915662717e-01
1.751100000000000000e+04 6.666666666666666297e-01
1.861300000000000000e+04 3.636363636363636465e-01
1.717700000000000000e+04 9.487179487179486781e-01
1.809700000000000000e+04 2.307692307692307820e-01
1.834600000000000000e+04 9.523809523809523281e-01
1.723900000000000000e+04 8.333333333333332871e-02
1.856400000000000000e+04 8.409090909090909394e-01
1.744400000000000000e+04 5.142857142857142350e-01
1.720600000000000000e+04 1.578947368421052544e-01
1.714800000000000000e+04 2.051282051282051211e-01
1.856100000000000000e+04 8.068181818181817677e-01
1.874500000000000000e+04 2.500000000000000000e-01
1.863600000000000000e+04 5.555555555555555802e-01
1.767700000000000000e+04 6.666666666666666297e-01
1.822200000000000000e+04 7.227722772277227481e-01
1.834200000000000000e+04 7.619047619047618625e-01
1.739700000000000000e+04 9.714285714285714191e-01
1.781700000000000000e+04 2.424242424242424310e-01
1.786600000000000000e+04 6.578947368421053099e-01
1.831300000000000000e+04 5.172413793103448620e-01
1.741100000000000000e+04 7.777777777777777901e-01
1.823100000000000000e+04 8.118811881188119361e-01
1.774900000000000000e+04 5.000000000000000000e-01
1.834900000000000000e+04 1.578947368421052544e-01
1.784800000000000000e+04 1.842105263157894635e-01
1.733200000000000000e+04 8.072289156626506479e-01
1.877000000000000000e+04 8.750000000000000000e-01
1.737200000000000000e+04 2.571428571428571175e-01
1.750700000000000000e+04 9.591836734693877098e-01
1.764500000000000000e+04 8.217821782178217349e-01
1.707900000000000000e+04 8.000000000000000444e-01
1.868600000000000000e+04 5.714285714285713969e-01
1.734300000000000000e+04 9.397590361445783413e-01
1.707300000000000000e+04 9.210526315789473450e-01
1.855500000000000000e+04 7.386363636363636465e-01
1.872800000000000000e+04 8.235294117647058432e-01
1.824600000000000000e+04 9.603960396039603609e-01
1.864800000000000000e+04 1.250000000000000000e-01
1.870000000000000000e+04 8.571428571428570953e-01
1.868100000000000000e+04 3.333333333333333148e-01
1.869900000000000000e+04 7.142857142857143016e-01
1.859300000000000000e+04 5.000000000000000000e-01
1.784900000000000000e+04 2.105263157894736725e-01
1.717500000000000000e+04 8.974358974358974672e-01
1.742000000000000000e+04 4.615384615384615641e-01
1.690000000000000000e+04 7.614213197969542657e-01
1.863300000000000000e+04 3.888888888888888951e-01
1.868300000000000000e+04 4.285714285714285476e-01
1.768200000000000000e+04 1.142857142857142821e-01
1.740400000000000000e+04 3.888888888888888951e-01
1.827400000000000000e+04 5.319148936170212671e-01
1.687300000000000000e+04 6.243654822335025223e-01
1.755200000000000000e+04 9.259259259259259300e-01
1.790900000000000000e+04 6.458333333333333703e-01
1.792200000000000000e+04 9.166666666666666297e-01
1.750400000000000000e+04 8.979591836734693855e-01
1.873800000000000000e+04 7.499999999999999722e-02
1.720700000000000000e+04 1.842105263157894635e-01
1.737300000000000000e+04 2.857142857142856984e-01
1.770500000000000000e+04 7.714285714285714635e-01
1.768900000000000000e+04 3.142857142857142794e-01
1.744100000000000000e+04 4.285714285714285476e-01
1.763800000000000000e+04 7.524752475247524774e-01
1.854000000000000000e+04 5.681818181818182323e-01
1.845800000000000000e+04 9.687500000000000000e-01
1.802700000000000000e+04 8.910891089108911034e-01
1.776900000000000000e+04 6.470588235294117974e-01
1.792300000000000000e+04 9.375000000000000000e-01
1.813300000000000000e+04 5.000000000000000000e-01
1.825900000000000000e+04 2.127659574468085124e-01
1.858800000000000000e+04 3.076923076923077094e-01
1.776600000000000000e+04 4.705882352941176405e-01
1.704900000000000000e+04 2.894736842105263275e-01
1.687500000000000000e+04 6.345177664974619436e-01
1.782600000000000000e+04 5.151515151515151381e-01
1.754000000000000000e+04 4.814814814814814548e-01
1.755600000000000000e+04 5.999999999999999778e-01
1.828600000000000000e+04 7.872340425531915153e-01
1.867400000000000000e+04 5.000000000000000000e-01
1.744700000000000000e+04 5.999999999999999778e-01
1.862500000000000000e+04 9.090909090909090606e-01
1.748800000000000000e+04 5.714285714285713969e-01
1.854100000000000000e+04 5.795454545454545858e-01
1.833500000000000000e+04 4.285714285714285476e-01
1.803000000000000000e+04 9.207920792079208328e-01
1.687900000000000000e+04 6.548223350253806752e-01
1.823200000000000000e+04 8.217821782178217349e-01
1.777700000000000000e+04 3.750000000000000000e-01
1.714600000000000000e+04 1.538461538461538547e-01
1.866100000000000000e+04 4.375000000000000000e-01
1.861200000000000000e+04 3.181818181818181768e-01
1.839800000000000000e+04 3.125000000000000000e-02
1.689900000000000000e+04 7.563451776649746661e-01
1.813500000000000000e+04 5.588235294117647189e-01
1.831700000000000000e+04 6.551724137931034253e-01
1.780400000000000000e+04 7.777777777777777901e-01
1.786700000000000000e+04 6.842105263157894912e-01
1.863700000000000000e+04 6.111111111111111605e-01
1.813900000000000000e+04 6.764705882352941568e-01
1.790200000000000000e+04 5.000000000000000000e-01
1.734900000000000000e+04 1.176470588235294101e-01
1.870200000000000000e+04 5.882352941176470507e-02
1.722000000000000000e+04 5.263157894736841813e-01
1.842000000000000000e+04 3.750000000000000000e-01
1.722400000000000000e+04 6.315789473684210176e-01
1.829300000000000000e+04 9.361702127659574657e-01
1.694300000000000000e+04 9.796954314720812684e-01
1.685800000000000000e+04 5.482233502538070846e-01
1.854500000000000000e+04 6.250000000000000000e-01
1.724800000000000000e+04 4.583333333333333148e-01
1.685300000000000000e+04 5.228426395939086424e-01
1.712800000000000000e+04 5.000000000000000000e-01
1.763300000000000000e+04 7.029702970297029285e-01
1.869000000000000000e+04 7.619047619047618625e-01
1.856800000000000000e+04 8.863636363636363535e-01
1.861400000000000000e+04 4.090909090909091161e-01
1.840800000000000000e+04 1.875000000000000000e-01
1.806400000000000000e+04 3.333333333333333148e-01
1.826700000000000000e+04 3.829787234042553168e-01
1.868200000000000000e+04 3.809523809523809312e-01
1.875600000000000000e+04 5.250000000000000222e-01
1.687700000000000000e+04 6.446700507614213649e-01
1.826800000000000000e+04 4.042553191489361430e-01
1.747800000000000000e+04 3.673469387755102233e-01
1.776800000000000000e+04 5.882352941176470784e-01
1.865600000000000000e+04 1.250000000000000000e-01
1.747300000000000000e+04 2.653061224489796088e-01
1.836400000000000000e+04 9.473684210526315264e-01
1.748500000000000000e+04 5.102040816326530726e-01
1.837600000000000000e+04 8.000000000000000444e-01
1.780000000000000000e+04 6.296296296296296502e-01
1.739200000000000000e+04 8.285714285714286254e-01
1.810000000000000000e+04 3.461538461538461453e-01
1.715700000000000000e+04 4.358974358974359031e-01
1.825700000000000000e+04 1.702127659574468044e-01
1.707700000000000000e+04 4.000000000000000222e-01
1.806500000000000000e+04 4.000000000000000222e-01
1.765900000000000000e+04 9.603960396039603609e-01
1.804100000000000000e+04 1.739130434782608647e-01
1.686400000000000000e+04 5.786802030456852375e-01
1.793100000000000000e+04 8.333333333333333703e-01
1.774500000000000000e+04 7.500000000000000000e-01
1.747900000000000000e+04 3.877551020408163129e-01
1.804600000000000000e+04 3.913043478260869734e-01
1.781600000000000000e+04 2.121212121212121271e-01
1.800900000000000000e+04 7.128712871287128383e-01
1.732700000000000000e+04 7.469879518072288782e-01
1.745100000000000000e+04 7.142857142857143016e-01
1.812400000000000000e+04 2.352941176470588203e-01
1.745600000000000000e+04 8.571428571428570953e-01
1.705600000000000000e+04 4.736842105263157632e-01
1.724300000000000000e+04 2.500000000000000000e-01
1.841800000000000000e+04 3.437500000000000000e-01
1.871100000000000000e+04 3.235294117647058987e-01
1.773100000000000000e+04 8.260869565217391353e-01
1.862000000000000000e+04 6.818181818181817677e-01
1.753100000000000000e+04 1.481481481481481399e-01
1.750000000000000000e+04 8.163265306122449161e-01
1.779900000000000000e+04 5.925925925925925597e-01
1.722700000000000000e+04 7.105263157894736725e-01
1.752000000000000000e+04 2.500000000000000000e-01
1.871400000000000000e+04 4.117647058823529216e-01
1.876700000000000000e+04 8.000000000000000444e-01
1.834100000000000000e+04 7.142857142857143016e-01
1.785700000000000000e+04 4.210526315789473450e-01
1.776500000000000000e+04 4.117647058823529216e-01
1.741500000000000000e+04 7.692307692307692735e-02
1.801300000000000000e+04 7.524752475247524774e-01
1.808400000000000000e+04 5.000000000000000000e-01
1.710400000000000000e+04 2.500000000000000000e-01
1.793500000000000000e+04 2.500000000000000000e-01
1.788500000000000000e+04 1.458333333333333426e-01
1.703500000000000000e+04 9.569892473118279952e-01
1.821900000000000000e+04 6.930693069306930187e-01
1.854900000000000000e+04 6.704545454545454142e-01
1.845500000000000000e+04 9.218750000000000000e-01
1.705100000000000000e+04 3.421052631578947456e-01
1.736600000000000000e+04 8.571428571428571508e-02
1.718500000000000000e+04 2.000000000000000111e-01
1.717400000000000000e+04 8.717948717948718063e-01
1.782400000000000000e+04 4.545454545454545303e-01
1.811700000000000000e+04 2.941176470588235253e-02
1.840500000000000000e+04 1.406250000000000000e-01
1.867600000000000000e+04 9.523809523809523281e-02
1.713500000000000000e+04 7.692307692307692735e-01
1.725900000000000000e+04 9.166666666666666297e-01
1.743100000000000000e+04 1.428571428571428492e-01
1.844700000000000000e+04 7.968750000000000000e-01
1.803800000000000000e+04 4.347826086956521618e-02
1.824400000000000000e+04 9.405940594059405413e-01
1.732300000000000000e+04 6.987951807228915957e-01
1.827200000000000000e+04 4.893617021276595591e-01
1.805400000000000000e+04 7.391304347826086474e-01
1.724000000000000000e+04 1.250000000000000000e-01
1.872200000000000000e+04 6.470588235294117974e-01
1.772400000000000000e+04 5.217391304347825942e-01
1.717800000000000000e+04 9.743589743589743390e-01
1.804300000000000000e+04 2.608695652173912971e-01
1.828700000000000000e+04 8.085106382978722861e-01
1.785300000000000000e+04 3.157894736842105088e-01
1.688300000000000000e+04 6.751269035532995177e-01
1.719400000000000000e+04 6.500000000000000222e-01
1.716400000000000000e+04 6.153846153846154188e-01
1.809900000000000000e+04 3.076923076923077094e-01
1.783900000000000000e+04 9.090909090909090606e-01
1.828400000000000000e+04 7.446808510638297518e-01
1.764000000000000000e+04 7.722772277227722970e-01
1.807700000000000000e+04 6.250000000000000000e-02
1.839900000000000000e+04 4.687500000000000000e-02
1.749700000000000000e+04 7.551020408163264808e-01
1.812100000000000000e+04 1.470588235294117696e-01
1.688100000000000000e+04 6.649746192893400965e-01
1.843900000000000000e+04 6.718750000000000000e-01
1.810300000000000000e+04 4.615384615384615641e-01
1.806000000000000000e+04 6.666666666666666574e-02
1.690900000000000000e+04 8.071065989847715505e-01
1.843600000000000000e+04 6.250000000000000000e-01
1.771000000000000000e+04 9.142857142857142572e-01
1.777000000000000000e+04 7.058823529411765163e-01
1.836500000000000000e+04 6.666666666666666574e-02
1.810500000000000000e+04 5.384615384615384359e-01
1.774400000000000000e+04 6.666666666666666297e-01
1.786900000000000000e+04 7.368421052631578538e-01
1.720000000000000000e+04 9.499999999999999556e-01
1.714200000000000000e+04 5.128205128205128027e-02
1.770200000000000000e+04 6.857142857142857206e-01
1.740700000000000000e+04 5.555555555555555802e-01
1.809300000000000000e+04 7.692307692307692735e-02
1.839200000000000000e+04 6.153846153846154188e-01
1.793700000000000000e+04 7.500000000000000000e-01
1.857700000000000000e+04 9.886363636363636465e-01
1.858900000000000000e+04 3.461538461538461453e-01
1.837500000000000000e+04 7.333333333333332815e-01
1.802000000000000000e+04 8.217821782178217349e-01
1.812600000000000000e+04 2.941176470588235392e-01
1.808000000000000000e+04 2.500000000000000000e-01
1.713600000000000000e+04 8.076923076923077094e-01
1.807000000000000000e+04 7.333333333333332815e-01
1.737700000000000000e+04 4.000000000000000222e-01
1.737000000000000000e+04 2.000000000000000111e-01
1.741700000000000000e+04 2.307692307692307820e-01
1.872400000000000000e+04 7.058823529411765163e-01
1.702300000000000000e+04 8.279569892473118697e-01
1.825600000000000000e+04 1.489361702127659504e-01
1.823800000000000000e+04 8.811881188118811936e-01
1.752600000000000000e+04 3.333333333333333148e-01
1.763400000000000000e+04 7.128712871287128383e-01
1.840000000000000000e+04 6.250000000000000000e-02
1.826200000000000000e+04 2.765957446808510745e-01
1.739500000000000000e+04 9.142857142857142572e-01
1.709700000000000000e+04 8.823529411764705621e-01
1.734800000000000000e+04 5.882352941176470507e-02
1.837900000000000000e+04 2.000000000000000111e-01
1.764600000000000000e+04 8.316831683168316447e-01
1.865500000000000000e+04 6.250000000000000000e-02
1.844400000000000000e+04 7.500000000000000000e-01
1.836900000000000000e+04 3.333333333333333148e-01
1.736300000000000000e+04 9.411764705882352811e-01
1.823700000000000000e+04 8.712871287128712838e-01
1.709900000000000000e+04 3.333333333333333148e-01
1.701300000000000000e+04 7.204301075268817467e-01
1.744900000000000000e+04 6.571428571428571397e-01
1.702400000000000000e+04 8.387096774193548709e-01
1.687600000000000000e+04 6.395939086294416542e-01
1.705000000000000000e+04 3.157894736842105088e-01
1.871500000000000000e+04 4.411764705882352811e-01
1.829700000000000000e+04 5.000000000000000000e-01
1.822500000000000000e+04 7.524752475247524774e-01
1.800300000000000000e+04 6.534653465346534906e-01
1.854700000000000000e+04 6.477272727272727071e-01
1.723600000000000000e+04 9.473684210526315264e-01
1.690400000000000000e+04 7.817258883248731083e-01
1.855100000000000000e+04 6.931818181818182323e-01
1.711200000000000000e+04 7.500000000000000000e-01
1.841700000000000000e+04 3.281250000000000000e-01
1.733300000000000000e+04 8.192771084337349130e-01
1.785900000000000000e+04 4.736842105263157632e-01
1.713300000000000000e+04 6.923076923076922906e-01
1.765700000000000000e+04 9.405940594059405413e-01
1.838400000000000000e+04 6.666666666666666297e-01
1.704100000000000000e+04 7.894736842105262720e-02
1.776200000000000000e+04 2.352941176470588203e-01
1.828000000000000000e+04 6.595744680851063357e-01
1.685700000000000000e+04 5.431472081218273740e-01
1.711600000000000000e+04 3.846153846153846367e-02
1.690200000000000000e+04 7.715736040609136870e-01
1.770900000000000000e+04 8.857142857142856762e-01
1.800100000000000000e+04 6.336633663366336711e-01
1.712500000000000000e+04 3.846153846153846367e-01
1.857900000000000000e+04 5.000000000000000000e-01
1.779800000000000000e+04 5.555555555555555802e-01
1.828100000000000000e+04 6.808510638297872175e-01
1.721200000000000000e+04 3.157894736842105088e-01
1.738900000000000000e+04 7.428571428571428825e-01
1.735800000000000000e+04 6.470588235294117974e-01
1.790000000000000000e+04 4.583333333333333148e-01
1.781800000000000000e+04 2.727272727272727071e-01
1.810600000000000000e+04 5.769230769230768718e-01
1.876200000000000000e+04 6.750000000000000444e-01
1.748700000000000000e+04 5.510204081632652517e-01
1.732000000000000000e+04 6.626506024096385783e-01
1.865000000000000000e+04 3.750000000000000000e-01
1.864400000000000000e+04 2.000000000000000111e-01
1.704200000000000000e+04 1.052631578947368363e-01
1.872100000000000000e+04 6.176470588235294379e-01
1.735200000000000000e+04 2.941176470588235392e-01
1.833000000000000000e+04 1.904761904761904656e-01
1.831900000000000000e+04 7.241379310344827624e-01
1.701600000000000000e+04 7.526881720430107503e-01
1.788600000000000000e+04 1.666666666666666574e-01
1.766600000000000000e+04 1.111111111111111049e-01
1.705700000000000000e+04 5.000000000000000000e-01
1.715000000000000000e+04 2.564102564102563875e-01
1.864100000000000000e+04 8.333333333333333703e-01
1.825200000000000000e+04 6.382978723404254817e-02
1.724600000000000000e+04 3.750000000000000000e-01
1.787100000000000000e+04 7.894736842105263275e-01
1.736200000000000000e+04 8.823529411764705621e-01
1.869100000000000000e+04 8.095238095238095344e-01
1.835200000000000000e+04 3.157894736842105088e-01
1.870800000000000000e+04 2.352941176470588203e-01
1.861600000000000000e+04 5.000000000000000000e-01
1.825500000000000000e+04 1.276595744680850963e-01
1.772300000000000000e+04 4.782608695652174058e-01
1.782800000000000000e+04 5.757575757575758013e-01
1.706000000000000000e+04 5.789473684210526550e-01
1.875000000000000000e+04 3.750000000000000000e-01
1.721100000000000000e+04 2.894736842105263275e-01
1.876900000000000000e+04 8.499999999999999778e-01
1.867100000000000000e+04 4.000000000000000222e-01
1.748300000000000000e+04 4.693877551020408379e-01
1.841000000000000000e+04 2.187500000000000000e-01
1.734700000000000000e+04 9.879518072289156239e-01
1.792000000000000000e+04 8.750000000000000000e-01
1.787200000000000000e+04 8.157894736842105088e-01
1.773300000000000000e+04 9.130434782608695121e-01
1.822800000000000000e+04 7.821782178217822068e-01
1.857300000000000000e+04 9.431818181818182323e-01
1.736400000000000000e+04 2.857142857142857054e-02
1.692600000000000000e+04 8.934010152284264095e-01
1.783400000000000000e+04 7.575757575757575690e-01
1.769700000000000000e+04 5.428571428571428159e-01
1.719000000000000000e+04 4.500000000000000111e-01
1.749600000000000000e+04 7.346938775510204467e-01
1.752900000000000000e+04 7.407407407407406996e-02
1.867200000000000000e+04 5.999999999999999778e-01
1.777600000000000000e+04 2.500000000000000000e-01
1.719700000000000000e+04 8.000000000000000444e-01
1.754400000000000000e+04 6.296296296296296502e-01
1.860200000000000000e+04 8.461538461538461453e-01
1.773800000000000000e+04 1.666666666666666574e-01
1.692200000000000000e+04 8.730964467005075669e-01
1.732400000000000000e+04 7.108433734939758608e-01
1.718600000000000000e+04 2.500000000000000000e-01
1.689600000000000000e+04 7.411167512690355341e-01
1.711100000000000000e+04 6.875000000000000000e-01
1.693100000000000000e+04 9.187817258883248517e-01
1.724100000000000000e+04 1.666666666666666574e-01
1.778900000000000000e+04 2.222222222222222099e-01
1.740100000000000000e+04 2.222222222222222099e-01
1.688000000000000000e+04 6.598984771573603858e-01
1.787800000000000000e+04 9.736842105263158187e-01
1.806900000000000000e+04 6.666666666666666297e-01
1.755300000000000000e+04 9.629629629629629095e-01
1.802200000000000000e+04 8.415841584158415545e-01
1.765400000000000000e+04 9.108910891089109230e-01
1.766000000000000000e+04 9.702970297029702706e-01
1.803600000000000000e+04 9.801980198019801804e-01
1.746400000000000000e+04 8.163265306122448328e-02
1.721300000000000000e+04 3.421052631578947456e-01
1.870900000000000000e+04 2.647058823529411797e-01
1.748200000000000000e+04 4.489795918367346927e-01
1.857600000000000000e+04 9.772727272727272929e-01
1.749900000000000000e+04 7.959183673469387710e-01
1.715400000000000000e+04 3.589743589743589758e-01
1.790100000000000000e+04 4.791666666666666852e-01
1.868400000000000000e+04 4.761904761904761640e-01
1.866500000000000000e+04 6.875000000000000000e-01
1.722900000000000000e+04 7.631578947368421462e-01
1.875400000000000000e+04 4.749999999999999778e-01
1.690700000000000000e+04 7.969543147208121292e-01
1.866600000000000000e+04 7.500000000000000000e-01
1.724500000000000000e+04 3.333333333333333148e-01
1.688400000000000000e+04 6.802030456852792284e-01
1.874900000000000000e+04 3.499999999999999778e-01
1.735000000000000000e+04 1.764705882352941291e-01
1.790500000000000000e+04 5.625000000000000000e-01
1.785500000000000000e+04 3.684210526315789269e-01
1.715500000000000000e+04 3.846153846153846367e-01
1.714000000000000000e+04 9.615384615384615641e-01
1.702100000000000000e+04 8.064516129032257563e-01
1.689500000000000000e+04 7.360406091370558235e-01
1.754200000000000000e+04 5.555555555555555802e-01
1.780600000000000000e+04 8.518518518518518601e-01
1.842500000000000000e+04 4.531250000000000000e-01
1.690500000000000000e+04 7.868020304568528189e-01
1.687100000000000000e+04 6.142131979695431010e-01
1.792100000000000000e+04 8.958333333333333703e-01
1.763500000000000000e+04 7.227722772277227481e-01
1.732600000000000000e+04 7.349397590361446131e-01
1.789700000000000000e+04 3.958333333333333148e-01
1.832800000000000000e+04 9.523809523809523281e-02
1.834800000000000000e+04 1.052631578947368363e-01
1.691800000000000000e+04 8.527918781725888353e-01
1.783300000000000000e+04 7.272727272727272929e-01
1.765000000000000000e+04 8.712871287128712838e-01
1.789100000000000000e+04 2.708333333333333148e-01
1.805200000000000000e+04 6.521739130434782705e-01
1.686200000000000000e+04 5.685279187817259272e-01
1.807600000000000000e+04 7.500000000000000000e-01
1.839500000000000000e+04 8.461538461538461453e-01
1.814600000000000000e+04 8.823529411764705621e-01
1.874400000000000000e+04 2.250000000000000056e-01
1.792700000000000000e+04 1.666666666666666574e-01
1.703100000000000000e+04 9.139784946236558794e-01
1.710200000000000000e+04 1.250000000000000000e-01
1.732500000000000000e+04 7.228915662650602370e-01
1.843700000000000000e+04 6.406250000000000000e-01
1.710000000000000000e+04 6.666666666666666297e-01
1.787000000000000000e+04 7.631578947368421462e-01
1.859500000000000000e+04 5.769230769230768718e-01
1.726000000000000000e+04 9.583333333333333703e-01
1.706900000000000000e+04 8.157894736842105088e-01
1.827900000000000000e+04 6.382978723404255650e-01
1.781200000000000000e+04 9.090909090909091161e-02
1.782500000000000000e+04 4.848484848484848619e-01
1.865300000000000000e+04 7.500000000000000000e-01
1.694600000000000000e+04 9.949238578680202894e-01
1.742100000000000000e+04 5.384615384615384359e-01
1.823400000000000000e+04 8.415841584158415545e-01
1.784000000000000000e+04 9.393939393939394478e-01
1.876400000000000000e+04 7.249999999999999778e-01
1.857800000000000000e+04 2.500000000000000000e-01
1.751800000000000000e+04 8.571428571428570953e-01
1.811600000000000000e+04 9.615384615384615641e-01
1.870100000000000000e+04 2.941176470588235253e-02
1.708500000000000000e+04 1.764705882352941291e-01
1.836600000000000000e+04 1.333333333333333315e-01
1.735900000000000000e+04 7.058823529411765163e-01
1.838700000000000000e+04 2.307692307692307820e-01
1.761900000000000000e+04 5.643564356435643026e-01
1.833900000000000000e+04 6.190476190476190688e-01
1.701500000000000000e+04 7.419354838709677491e-01
1.783700000000000000e+04 8.484848484848485084e-01
1.744800000000000000e+04 6.285714285714285587e-01
1.859200000000000000e+04 4.615384615384615641e-01
1.716700000000000000e+04 6.923076923076922906e-01
1.743700000000000000e+04 3.142857142857142794e-01
1.858700000000000000e+04 2.692307692307692180e-01
1.812200000000000000e+04 1.764705882352941291e-01
1.810900000000000000e+04 6.923076923076922906e-01
1.769400000000000000e+04 4.571428571428571286e-01
1.737500000000000000e+04 3.428571428571428603e-01
1.855000000000000000e+04 6.818181818181817677e-01
1.789600000000000000e+04 3.750000000000000000e-01
1.691900000000000000e+04 8.578680203045685460e-01
1.842600000000000000e+04 4.687500000000000000e-01
1.713000000000000000e+04 5.769230769230768718e-01
1.778400000000000000e+04 3.703703703703703498e-02
1.708100000000000000e+04 5.000000000000000000e-01
1.706800000000000000e+04 7.894736842105263275e-01
1.838000000000000000e+04 4.000000000000000222e-01
1.690300000000000000e+04 7.766497461928933976e-01
1.801700000000000000e+04 7.920792079207921166e-01
1.686600000000000000e+04 5.888324873096446588e-01
1.791800000000000000e+04 8.333333333333333703e-01
1.733500000000000000e+04 8.433734939759036653e-01
1.801100000000000000e+04 7.326732673267326579e-01
1.774600000000000000e+04 8.333333333333333703e-01
1.771800000000000000e+04 2.608695652173912971e-01
1.807500000000000000e+04 5.000000000000000000e-01
1.770000000000000000e+04 6.285714285714285587e-01
1.706400000000000000e+04 6.842105263157894912e-01
1.751400000000000000e+04 2.857142857142856984e-01
1.712300000000000000e+04 3.076923076923077094e-01
1.825400000000000000e+04 1.063829787234042562e-01
1.764700000000000000e+04 8.415841584158415545e-01
1.788900000000000000e+04 2.291666666666666574e-01
1.736900000000000000e+04 1.714285714285714302e-01
1.788400000000000000e+04 1.250000000000000000e-01
1.743300000000000000e+04 2.000000000000000111e-01
1.829400000000000000e+04 9.574468085106383475e-01
1.775300000000000000e+04 2.000000000000000111e-01
1.792400000000000000e+04 9.583333333333333703e-01
1.866200000000000000e+04 5.000000000000000000e-01
1.872600000000000000e+04 7.647058823529411242e-01
1.762200000000000000e+04 5.940594059405940319e-01
1.838100000000000000e+04 5.999999999999999778e-01
1.762700000000000000e+04 6.435643564356435808e-01
1.709100000000000000e+04 5.294117647058823595e-01
1.792800000000000000e+04 3.333333333333333148e-01
1.860900000000000000e+04 1.818181818181818232e-01
