1.611200000000000000e+04 3.448275862068965747e-01 1.208122491207316642e+02
1.611300000000000000e+04 3.620689655172413812e-01 1.217982511491271538e+02
1.611400000000000000e+04 3.793103448275861878e-01 1.232874455622243772e+02
1.611500000000000000e+04 3.965517241379310498e-01 1.240166917483645506e+02
1.611600000000000000e+04 4.137931034482758563e-01 1.250797063296380145e+02
1.611700000000000000e+04 4.310344827586206629e-01 1.259334627351776703e+02
1.611800000000000000e+04 4.482758620689655249e-01 1.268391116737846716e+02
1.611900000000000000e+04 4.655172413793103314e-01 1.278073058691814481e+02
1.612000000000000000e+04 4.827586206896551935e-01 1.286617062437132120e+02
1.612100000000000000e+04 5.000000000000000000e-01 1.299603593921712559e+02
1.612200000000000000e+04 5.172413793103448620e-01 1.312512892895707921e+02
1.612300000000000000e+04 5.344827586206896131e-01 1.325765439820733036e+02
1.612400000000000000e+04 5.517241379310344751e-01 1.336863637872669415e+02
1.612500000000000000e+04 5.689655172413793371e-01 1.357580297835124838e+02
1.612600000000000000e+04 5.862068965517240882e-01 1.367183422326664015e+02
1.612700000000000000e+04 6.034482758620689502e-01 1.376505975624983193e+02
1.612800000000000000e+04 6.206896551724138122e-01 1.387287441202538218e+02
1.612900000000000000e+04 6.379310344827586743e-01 1.396733075114563292e+02
1.613000000000000000e+04 6.551724137931034253e-01 1.408285996822945094e+02
1.613100000000000000e+04 6.724137931034482873e-01 1.415755267202306129e+02
1.613200000000000000e+04 6.896551724137931494e-01 1.425079429363058239e+02
1.613300000000000000e+04 7.068965517241379004e-01 1.436873495667772715e+02
1.613400000000000000e+04 7.241379310344827624e-01 1.442517076091581600e+02
1.613500000000000000e+04 7.413793103448276245e-01 1.453660235428143324e+02
1.613600000000000000e+04 7.586206896551723755e-01 1.464322786717586098e+02
1.613700000000000000e+04 7.758620689655172376e-01 1.478607743840377964e+02
1.613800000000000000e+04 7.931034482758620996e-01 1.485329350791100467e+02
1.613900000000000000e+04 8.103448275862068506e-01 1.492872559657358806e+02
1.614000000000000000e+04 8.275862068965517127e-01 1.506868273286895601e+02
1.614100000000000000e+04 8.448275862068965747e-01 1.519484532637432039e+02
1.614200000000000000e+04 8.620689655172413257e-01 1.531492030295145526e+02
1.614300000000000000e+04 8.793103448275861878e-01 1.537195537987785201e+02
1.614400000000000000e+04 8.965517241379310498e-01 1.549724703961624073e+02
1.614500000000000000e+04 9.137931034482759118e-01 1.557321413775747487e+02
1.614600000000000000e+04 9.310344827586206629e-01 1.565521413775747703e+02
1.614700000000000000e+04 9.482758620689655249e-01 1.575559839947214869e+02
1.614800000000000000e+04 9.655172413793103869e-01 1.586376031513565579e+02
1.614900000000000000e+04 9.827586206896551380e-01 1.603939914911038045e+02
1.617000000000000000e+04 3.043478260869565410e-01 1.205062649775210701e+02
1.617100000000000000e+04 3.188405797101449002e-01 1.224116783185051389e+02
1.617200000000000000e+04 3.333333333333333148e-01 1.232319221846815225e+02
1.617300000000000000e+04 3.478260869565217295e-01 1.243387193657404595e+02
1.617400000000000000e+04 3.623188405797101441e-01 1.252916097057061791e+02
1.617500000000000000e+04 3.768115942028985588e-01 1.268585813072356814e+02
1.617600000000000000e+04 3.913043478260869734e-01 1.281774823649348605e+02
1.617700000000000000e+04 4.057971014492753881e-01 1.298102407671487413e+02
1.617800000000000000e+04 4.202898550724637472e-01 1.314253259042235698e+02
1.617900000000000000e+04 4.347826086956521618e-01 1.324791759884385556e+02
1.618000000000000000e+04 4.492753623188405765e-01 1.337218746647072862e+02
1.618100000000000000e+04 4.637681159420289911e-01 1.345273558873313675e+02
1.618200000000000000e+04 4.782608695652174058e-01 1.363355870672417325e+02
1.618300000000000000e+04 4.927536231884058204e-01 1.373556851017462463e+02
1.618400000000000000e+04 5.072463768115942351e-01 1.381092101510976420e+02
1.618500000000000000e+04 5.217391304347825942e-01 1.393604894964078653e+02
1.618600000000000000e+04 5.362318840579710644e-01 1.404021228292078547e+02
1.618700000000000000e+04 5.507246376811594235e-01 1.416426872168959790e+02
1.618800000000000000e+04 5.652173913043477826e-01 1.435316551890966537e+02
1.618900000000000000e+04 5.797101449275362528e-01 1.451164264659691128e+02
1.619000000000000000e+04 5.942028985507246119e-01 1.463376553552441806e+02
1.619100000000000000e+04 6.086956521739130821e-01 1.475985280688834109e+02
1.619200000000000000e+04 6.231884057971014412e-01 1.484529284434151748e+02
1.619300000000000000e+04 6.376811594202898004e-01 1.503061418687928210e+02
1.619400000000000000e+04 6.521739130434782705e-01 1.516968611071727366e+02
1.619500000000000000e+04 6.666666666666666297e-01 1.533694937625994896e+02
1.619600000000000000e+04 6.811594202898550998e-01 1.548121648962955987e+02
1.619700000000000000e+04 6.956521739130434590e-01 1.563864901485862333e+02
1.619800000000000000e+04 7.101449275362319291e-01 1.580733214975953729e+02
1.619900000000000000e+04 7.246376811594202882e-01 1.593028335959498349e+02
1.620000000000000000e+04 7.391304347826086474e-01 1.603583903210953849e+02
1.620100000000000000e+04 7.536231884057971175e-01 1.612155950807648424e+02
1.620200000000000000e+04 7.681159420289854767e-01 1.621262541827344137e+02
1.620300000000000000e+04 7.826086956521739468e-01 1.634451552404335644e+02
1.620400000000000000e+04 7.971014492753623060e-01 1.643929948893193966e+02
1.620500000000000000e+04 8.115942028985507761e-01 1.657954926611536166e+02
1.620600000000000000e+04 8.260869565217391353e-01 1.678047213688919896e+02
1.620700000000000000e+04 8.405797101449274944e-01 1.693932426938983724e+02
1.620800000000000000e+04 8.550724637681159646e-01 1.709172177593111996e+02
1.620900000000000000e+04 8.695652173913043237e-01 1.722171023695747465e+02
1.621000000000000000e+04 8.840579710144927938e-01 1.728071023695747499e+02
1.621100000000000000e+04 8.985507246376811530e-01 1.734881310033339901e+02
1.621200000000000000e+04 9.130434782608695121e-01 1.746243088063208404e+02
1.621300000000000000e+04 9.275362318840579823e-01 1.754848319030474499e+02
1.621400000000000000e+04 9.420289855072463414e-01 1.762313571872810201e+02
1.621500000000000000e+04 9.565217391304348116e-01 1.771947366556111376e+02
1.621600000000000000e+04 9.710144927536231707e-01 1.786475270740817507e+02
1.621700000000000000e+04 9.855072463768116409e-01 1.802269890077794230e+02
1.636000000000000000e+04 7.073170731707316694e-01 1.212588935084909991e+02
1.636100000000000000e+04 7.195121951219511924e-01 1.229900780740414206e+02
1.636200000000000000e+04 7.317073170731707155e-01 1.252097627363301910e+02
1.636300000000000000e+04 7.439024390243902385e-01 1.265331674363369530e+02
1.636400000000000000e+04 7.560975609756097615e-01 1.274816926073260959e+02
1.636500000000000000e+04 7.682926829268292845e-01 1.289002129631899152e+02
1.636600000000000000e+04 7.804878048780488076e-01 1.304782497181484189e+02
1.636700000000000000e+04 7.926829268292683306e-01 1.314078195111171965e+02
1.636800000000000000e+04 8.048780487804878536e-01 1.328493811643252798e+02
1.636900000000000000e+04 8.170731707317072656e-01 1.347493285320173300e+02
1.637000000000000000e+04 8.292682926829267887e-01 1.353514082609569300e+02
1.637100000000000000e+04 8.414634146341463117e-01 1.361057291475827924e+02
1.637200000000000000e+04 8.536585365853658347e-01 1.369090348179225316e+02
1.637300000000000000e+04 8.658536585365853577e-01 1.377510561953233719e+02
1.637400000000000000e+04 8.780487804878048808e-01 1.387687987953947300e+02
1.637500000000000000e+04 8.902439024390244038e-01 1.401999521764129781e+02
1.637600000000000000e+04 9.024390243902439268e-01 1.413852369523212928e+02
1.637700000000000000e+04 9.146341463414634498e-01 1.424499434846577799e+02
1.637800000000000000e+04 9.268292682926829729e-01 1.431964687688913500e+02
1.637900000000000000e+04 9.390243902439023849e-01 1.446064687688913466e+02
1.638000000000000000e+04 9.512195121951219079e-01 1.473522473469999170e+02
1.638100000000000000e+04 9.634146341463414309e-01 1.480969620574763610e+02
1.638200000000000000e+04 9.756097560975609539e-01 1.489638530540843533e+02
1.638300000000000000e+04 9.878048780487804770e-01 1.500449635942235034e+02
