3.608500000000000000e+04 1.250000000000000000e-01 1.200115822569878503e+02
3.608600000000000000e+04 1.562500000000000000e-01 1.208403162311918777e+02
3.608700000000000000e+04 1.875000000000000000e-01 1.218912681806167768e+02
3.608800000000000000e+04 2.187500000000000000e-01 1.227456685551485407e+02
3.608900000000000000e+04 2.500000000000000000e-01 1.237220905950472627e+02
3.609000000000000000e+04 2.812500000000000000e-01 1.248828231223764504e+02
3.609100000000000000e+04 3.125000000000000000e-01 1.256560630592653780e+02
3.609200000000000000e+04 3.437500000000000000e-01 1.262562297027903213e+02
3.609300000000000000e+04 3.750000000000000000e-01 1.268663936151941840e+02
3.609400000000000000e+04 4.062500000000000000e-01 1.278466486840410710e+02
3.609500000000000000e+04 4.375000000000000000e-01 1.286337954302072433e+02
3.609600000000000000e+04 4.687500000000000000e-01 1.290269874952339819e+02
3.609700000000000000e+04 5.000000000000000000e-01 1.296243985764837419e+02
3.609800000000000000e+04 5.312500000000000000e-01 1.305608813579592038e+02
3.609900000000000000e+04 5.625000000000000000e-01 1.314753210771315537e+02
3.610000000000000000e+04 5.937500000000000000e-01 1.322866163378104147e+02
3.610100000000000000e+04 6.250000000000000000e-01 1.328936583462414660e+02
3.610200000000000000e+04 6.562500000000000000e-01 1.337684726122431016e+02
3.610300000000000000e+04 6.875000000000000000e-01 1.347186304938606725e+02
3.610400000000000000e+04 7.187500000000000000e-01 1.355679831885641136e+02
3.610500000000000000e+04 7.500000000000000000e-01 1.362454047707417146e+02
3.610600000000000000e+04 7.812500000000000000e-01 1.370454672683004844e+02
3.610700000000000000e+04 8.125000000000000000e-01 1.377352498427397052e+02
3.610800000000000000e+04 8.437500000000000000e-01 1.381200874708376034e+02
3.610900000000000000e+04 8.750000000000000000e-01 1.388031687251551318e+02
3.611000000000000000e+04 9.062500000000000000e-01 1.396757510994900713e+02
3.611100000000000000e+04 9.375000000000000000e-01 1.403721705133492890e+02
3.611200000000000000e+04 9.687500000000000000e-01 1.412481271332797519e+02
3.611300000000000000e+04 2.500000000000000000e-01 1.416162303796658648e+02
3.611400000000000000e+04 5.000000000000000000e-01 1.420234158410959253e+02
3.611500000000000000e+04 7.500000000000000000e-01 1.423934158410959299e+02
3.611600000000000000e+04 2.500000000000000000e-01 1.418701399948831181e+02
3.611700000000000000e+04 5.000000000000000000e-01 1.424823491094836641e+02
3.611800000000000000e+04 7.500000000000000000e-01 1.429523491094836913e+02
3.611900000000000000e+04 2.500000000000000000e-01 1.433287797139780650e+02
3.612000000000000000e+04 5.000000000000000000e-01 1.437726265344014962e+02
3.612100000000000000e+04 7.500000000000000000e-01 1.441395052609583729e+02
3.612200000000000000e+04 5.263157894736841813e-02 1.434400990454139730e+02
3.612300000000000000e+04 1.052631578947368363e-01 1.445125261991171897e+02
3.612400000000000000e+04 1.578947368421052544e-01 1.452951499912421127e+02
3.612500000000000000e+04 2.105263157894736725e-01 1.458148614496495554e+02
3.612600000000000000e+04 2.631578947368420907e-01 1.463381204677276060e+02
3.612700000000000000e+04 3.157894736842105088e-01 1.469468897179365854e+02
3.612800000000000000e+04 3.684210526315789269e-01 1.477008127909354300e+02
3.612900000000000000e+04 4.210526315789473450e-01 1.485524582570772907e+02
3.613000000000000000e+04 4.736842105263157632e-01 1.491121903358435645e+02
3.613100000000000000e+04 5.263157894736841813e-01 1.498322597769393383e+02
3.613200000000000000e+04 5.789473684210526550e-01 1.507761877402924711e+02
3.613300000000000000e+04 6.315789473684210176e-01 1.517863857406864554e+02
3.613400000000000000e+04 6.842105263157894912e-01 1.531314136214383836e+02
3.613500000000000000e+04 7.368421052631578538e-01 1.537761616342309878e+02
3.613600000000000000e+04 7.894736842105263275e-01 1.542619599462906308e+02
3.613700000000000000e+04 8.421052631578946901e-01 1.549944215493798367e+02
3.613800000000000000e+04 8.947368421052631637e-01 1.554584258597046471e+02
3.613900000000000000e+04 9.473684210526315264e-01 1.564458467426112236e+02
3.614000000000000000e+04 4.000000000000000083e-02 1.572787933195295693e+02
3.614100000000000000e+04 8.000000000000000167e-02 1.580907662254814738e+02
3.614200000000000000e+04 1.199999999999999956e-01 1.590359117169271030e+02
3.614300000000000000e+04 1.600000000000000033e-01 1.600927466141556010e+02
3.614400000000000000e+04 2.000000000000000111e-01 1.614149417586028790e+02
3.614500000000000000e+04 2.399999999999999911e-01 1.626051098139631392e+02
3.614600000000000000e+04 2.800000000000000266e-01 1.633923200781238734e+02
3.614700000000000000e+04 3.200000000000000067e-01 1.639200510702022200e+02
3.614800000000000000e+04 3.599999999999999867e-01 1.649657087579757899e+02
3.614900000000000000e+04 4.000000000000000222e-01 1.657668953779339631e+02
3.615000000000000000e+04 4.400000000000000022e-01 1.667881690924689053e+02
3.615100000000000000e+04 4.799999999999999822e-01 1.673741725054282483e+02
3.615200000000000000e+04 5.200000000000000178e-01 1.683658377715337053e+02
3.615300000000000000e+04 5.600000000000000533e-01 1.692158377715336997e+02
3.615400000000000000e+04 5.999999999999999778e-01 1.703335586669275301e+02
3.615500000000000000e+04 6.400000000000000133e-01 1.713903935641560281e+02
3.615600000000000000e+04 6.800000000000000488e-01 1.722819652101834151e+02
3.615700000000000000e+04 7.199999999999999734e-01 1.730362860968092491e+02
3.615800000000000000e+04 7.600000000000000089e-01 1.737039686561141991e+02
3.615900000000000000e+04 8.000000000000000444e-01 1.744582895427400331e+02
3.616000000000000000e+04 8.399999999999999689e-01 1.752254270793004594e+02
3.616100000000000000e+04 8.800000000000000044e-01 1.759719523635340295e+02
3.616200000000000000e+04 9.200000000000000400e-01 1.762950622519621220e+02
3.616300000000000000e+04 9.599999999999999645e-01 1.769597426262774889e+02
3.616400000000000000e+04 8.333333333333332871e-02 1.774681715790329122e+02
3.616500000000000000e+04 1.666666666666666574e-01 1.778869794108603344e+02
3.616600000000000000e+04 2.500000000000000000e-01 1.785239252484321071e+02
3.616700000000000000e+04 3.333333333333333148e-01 1.789270381358470274e+02
3.616800000000000000e+04 4.166666666666666852e-01 1.795301964898470430e+02
3.616900000000000000e+04 5.000000000000000000e-01 1.801634420978065236e+02
3.617000000000000000e+04 5.833333333333333703e-01 1.805706275592365841e+02
3.617100000000000000e+04 6.666666666666666297e-01 1.807403331867213581e+02
3.617200000000000000e+04 7.500000000000000000e-01 1.813326169025198169e+02
3.617300000000000000e+04 8.333333333333333703e-01 1.820820833794218743e+02
3.617400000000000000e+04 9.166666666666666297e-01 1.830220833794218720e+02
3.617500000000000000e+04 7.142857142857142461e-02 1.836772169535882426e+02
3.617600000000000000e+04 1.428571428571428492e-01 1.847743495800286269e+02
3.617700000000000000e+04 2.142857142857142738e-01 1.857108323615040888e+02
3.617800000000000000e+04 2.857142857142856984e-01 1.863364520542887703e+02
3.617900000000000000e+04 3.571428571428571508e-01 1.868605703615439211e+02
3.618000000000000000e+04 4.285714285714285476e-01 1.872849522650223832e+02
3.618100000000000000e+04 5.000000000000000000e-01 1.879951635012049849e+02
3.618200000000000000e+04 5.714285714285713969e-01 1.887438957630983793e+02
3.618300000000000000e+04 6.428571428571429047e-01 1.892628369929115593e+02
3.618400000000000000e+04 7.142857142857143016e-01 1.896816448247389815e+02
3.618500000000000000e+04 7.857142857142856984e-01 1.902192320269676031e+02
3.618600000000000000e+04 8.571428571428570953e-01 1.905586432819371510e+02
3.618700000000000000e+04 9.285714285714286031e-01 1.910943670913762844e+02
3.618800000000000000e+04 2.500000000000000000e-01 1.913566646323483553e+02
3.618900000000000000e+04 5.000000000000000000e-01 1.918344721249643499e+02
3.619000000000000000e+04 7.500000000000000000e-01 1.921031727018152537e+02
3.619100000000000000e+04 1.428571428571428492e-01 1.917703848426225193e+02
3.619200000000000000e+04 2.857142857142856984e-01 1.924888554404899423e+02
3.619300000000000000e+04 4.285714285714285476e-01 1.933515836711628424e+02
3.619400000000000000e+04 5.714285714285713969e-01 1.943193129721556431e+02
3.619500000000000000e+04 7.142857142857143016e-01 1.952722033121213769e+02
3.619600000000000000e+04 8.571428571428570953e-01 1.962240961632343499e+02
3.619700000000000000e+04 3.333333333333333148e-01 1.965940961632343544e+02
3.619800000000000000e+04 6.666666666666666297e-01 1.973069074987222393e+02
3.619900000000000000e+04 8.333333333333332871e-02 1.969640961632343590e+02
3.620000000000000000e+04 1.666666666666666574e-01 1.980247563350141888e+02
3.620100000000000000e+04 2.500000000000000000e-01 1.983916350615710655e+02
3.620200000000000000e+04 3.333333333333333148e-01 1.993601390625953229e+02
3.620300000000000000e+04 4.166666666666666852e-01 1.999583029197448525e+02
3.620400000000000000e+04 5.000000000000000000e-01 2.005768496035125281e+02
3.620500000000000000e+04 5.833333333333333703e-01 2.013377043859776165e+02
3.620600000000000000e+04 6.666666666666666297e-01 2.024684121289421626e+02
3.620700000000000000e+04 7.500000000000000000e-01 2.031053579665139353e+02
3.620800000000000000e+04 8.333333333333333703e-01 2.034329247535971206e+02
3.620900000000000000e+04 9.166666666666666297e-01 2.039570430608522713e+02
3.621000000000000000e+04 3.333333333333333148e-01 2.042164654962737131e+02
3.621100000000000000e+04 6.666666666666666297e-01 2.045764654962737268e+02
3.621200000000000000e+04 2.000000000000000111e-01 2.042970430608522747e+02
3.621300000000000000e+04 4.000000000000000222e-01 2.048977093575595347e+02
3.621400000000000000e+04 5.999999999999999778e-01 2.053063656923935696e+02
3.621500000000000000e+04 8.000000000000000444e-01 2.059125009908212292e+02
3.621600000000000000e+04 3.333333333333333148e-01 2.062825009908212337e+02
3.621700000000000000e+04 6.666666666666666297e-01 2.069297258358326133e+02
3.621800000000000000e+04 1.428571428571428492e-01 2.066426379642720974e+02
3.621900000000000000e+04 2.857142857142856984e-01 2.074136113749679282e+02
3.622000000000000000e+04 4.285714285714285476e-01 2.082949739564291463e+02
3.622100000000000000e+04 5.714285714285713969e-01 2.092087025813501384e+02
3.622200000000000000e+04 7.142857142857143016e-01 2.096201633935789630e+02
3.622300000000000000e+04 8.571428571428570953e-01 2.102069342176661735e+02
3.622400000000000000e+04 3.333333333333333148e-01 2.104663566530876153e+02
3.622500000000000000e+04 6.666666666666666297e-01 2.110251947333935334e+02
3.622600000000000000e+04 8.333333333333332871e-02 2.108816934339796774e+02
3.622700000000000000e+04 1.666666666666666574e-01 2.115365980071809986e+02
3.622800000000000000e+04 2.500000000000000000e-01 2.122728724125489919e+02
3.622900000000000000e+04 3.333333333333333148e-01 2.128799144209800431e+02
3.623000000000000000e+04 4.166666666666666852e-01 2.136500442801596478e+02
3.623100000000000000e+04 5.000000000000000000e-01 2.143969713180957513e+02
3.623200000000000000e+04 5.833333333333333703e-01 2.150346232607729462e+02
3.623300000000000000e+04 6.666666666666666297e-01 2.158663684140500720e+02
3.623400000000000000e+04 7.500000000000000000e-01 2.165965053875009119e+02
3.623500000000000000e+04 8.333333333333333703e-01 2.169500587780942169e+02
3.623600000000000000e+04 9.166666666666666297e-01 2.176647615135024409e+02
3.623700000000000000e+04 3.333333333333333148e-01 2.181347615135024398e+02
3.623800000000000000e+04 6.666666666666666297e-01 2.185520144344029632e+02
3.623900000000000000e+04 9.090909090909091161e-02 2.181498388269278337e+02
3.624000000000000000e+04 1.818181818181818232e-01 2.185033922175211103e+02
3.624100000000000000e+04 2.727272727272727071e-01 2.191104342259521616e+02
3.624200000000000000e+04 3.636363636363636465e-01 2.196336932440302121e+02
3.624300000000000000e+04 4.545454545454545303e-01 2.201912773184082255e+02
3.624400000000000000e+04 5.454545454545454142e-01 2.211683136534541632e+02
3.624500000000000000e+04 6.363636363636363535e-01 2.219081109229814217e+02
3.624600000000000000e+04 7.272727272727272929e-01 2.223449175163382563e+02
3.624700000000000000e+04 8.181818181818182323e-01 2.229050067949358720e+02
3.624800000000000000e+04 9.090909090909090606e-01 2.237764997667950979e+02
3.624900000000000000e+04 3.333333333333333148e-01 2.240164997667950786e+02
3.625000000000000000e+04 6.666666666666666297e-01 2.247267110029776802e+02
3.625100000000000000e+04 1.250000000000000000e-01 2.243785794957347264e+02
3.625200000000000000e+04 2.500000000000000000e-01 2.251518194326236255e+02
3.625300000000000000e+04 3.750000000000000000e-01 2.255218194326236585e+02
3.625400000000000000e+04 5.000000000000000000e-01 2.260921702018876260e+02
3.625500000000000000e+04 6.250000000000000000e-01 2.267921702018876147e+02
3.625600000000000000e+04 7.500000000000000000e-01 2.270204244460978771e+02
3.625700000000000000e+04 8.750000000000000000e-01 2.276225041750375055e+02
3.625800000000000000e+04 3.333333333333333148e-01 2.278819266104589474e+02
3.625900000000000000e+04 6.666666666666666297e-01 2.283007344422863980e+02
3.626000000000000000e+04 5.000000000000000278e-02 2.280191148153385257e+02
3.626100000000000000e+04 1.000000000000000056e-01 2.285423738334165762e+02
3.626200000000000000e+04 1.499999999999999944e-01 2.291025523763830165e+02
3.626300000000000000e+04 2.000000000000000111e-01 2.294625523763830302e+02
3.626400000000000000e+04 2.500000000000000000e-01 2.298869342798614923e+02
3.626500000000000000e+04 2.999999999999999889e-01 2.303720115932868850e+02
3.626600000000000000e+04 3.499999999999999778e-01 2.307703832790277261e+02
3.626700000000000000e+04 4.000000000000000222e-01 2.313657823048918942e+02
3.626800000000000000e+04 4.500000000000000111e-01 2.321057823048919033e+02
3.626900000000000000e+04 5.000000000000000000e-01 2.325857823048918931e+02
3.627000000000000000e+04 5.500000000000000444e-01 2.334388942553415518e+02
3.627100000000000000e+04 5.999999999999999778e-01 2.338986768126444531e+02
3.627200000000000000e+04 6.500000000000000222e-01 2.345505970531647222e+02
3.627300000000000000e+04 6.999999999999999556e-01 2.350205970531647210e+02
3.627400000000000000e+04 7.500000000000000000e-01 2.358818751731701013e+02
3.627500000000000000e+04 8.000000000000000444e-01 2.364065655580639032e+02
3.627600000000000000e+04 8.499999999999999778e-01 2.368253733898913822e+02
3.627700000000000000e+04 9.000000000000000222e-01 2.372902389618581367e+02
3.627800000000000000e+04 9.499999999999999556e-01 2.379141780614504285e+02
3.627900000000000000e+04 2.500000000000000000e-01 2.383992553748758212e+02
3.628000000000000000e+04 5.000000000000000000e-01 2.389593446534734369e+02
3.628100000000000000e+04 7.500000000000000000e-01 2.394172747791476468e+02
3.628200000000000000e+04 3.333333333333333148e-01 2.396722257548272808e+02
3.628300000000000000e+04 6.666666666666666297e-01 2.400994259420931485e+02
3.628400000000000000e+04 2.500000000000000000e-01 2.397937053836420489e+02
3.628500000000000000e+04 5.000000000000000000e-01 2.400531278190634907e+02
3.628600000000000000e+04 7.500000000000000000e-01 2.401731278190634953e+02
3.628700000000000000e+04 5.263157894736841813e-02 2.388719880634862989e+02
3.628800000000000000e+04 1.052631578947368363e-01 2.395839571639394023e+02
3.628900000000000000e+04 1.578947368421052544e-01 2.403132033500796183e+02
3.629000000000000000e+04 2.105263157894736725e-01 2.409175211472691274e+02
3.629100000000000000e+04 2.631578947368420907e-01 2.414326910221647893e+02
3.629200000000000000e+04 3.157894736842105088e-01 2.418266453342366162e+02
3.629300000000000000e+04 3.684210526315789269e-01 2.421913369848128355e+02
3.629400000000000000e+04 4.210526315789473450e-01 2.425582157113697122e+02
3.629500000000000000e+04 4.736842105263157632e-01 2.429938761295855727e+02
3.629600000000000000e+04 5.263157894736841813e-01 2.435359093389002680e+02
3.629700000000000000e+04 5.789473684210526550e-01 2.442587509536403161e+02
3.629800000000000000e+04 6.315789473684210176e-01 2.450280363363170011e+02
3.629900000000000000e+04 6.842105263157894912e-01 2.457238092877889812e+02
3.630000000000000000e+04 7.368421052631578538e-01 2.462470683058670318e+02
3.630100000000000000e+04 7.894736842105263275e-01 2.466919278342577400e+02
3.630200000000000000e+04 8.421052631578946901e-01 2.469559354099066013e+02
3.630300000000000000e+04 8.947368421052631637e-01 2.474534291284599306e+02
3.630400000000000000e+04 9.473684210526315264e-01 2.478860952815156224e+02
3.630500000000000000e+04 3.333333333333333148e-01 2.485772537293407254e+02
3.630600000000000000e+04 6.666666666666666297e-01 2.492353570646916410e+02
3.630700000000000000e+04 3.333333333333333148e-01 2.488602102644616707e+02
3.630800000000000000e+04 6.666666666666666297e-01 2.495934905655744274e+02
3.630900000000000000e+04 1.000000000000000056e-01 2.502709121477520569e+02
3.631000000000000000e+04 2.000000000000000111e-01 2.507366373886398492e+02
3.631100000000000000e+04 2.999999999999999889e-01 2.510866373886398435e+02
3.631200000000000000e+04 4.000000000000000222e-01 2.515148896507471363e+02
3.631300000000000000e+04 5.000000000000000000e-01 2.524397139583861360e+02
3.631400000000000000e+04 5.999999999999999778e-01 2.527897139583861588e+02
3.631500000000000000e+04 6.999999999999999556e-01 2.532821568484759496e+02
3.631600000000000000e+04 8.000000000000000444e-01 2.538741872531005583e+02
3.631700000000000000e+04 9.000000000000000222e-01 2.549832409037415175e+02
3.631800000000000000e+04 5.882352941176470507e-02 2.508214970802150958e+02
3.631900000000000000e+04 1.176470588235294101e-01 2.513583397014738807e+02
3.632000000000000000e+04 1.764705882352941291e-01 2.520443426169195789e+02
3.632100000000000000e+04 2.352941176470588203e-01 2.529359142629469943e+02
3.632200000000000000e+04 2.941176470588235392e-01 2.542657638785050835e+02
3.632300000000000000e+04 3.529411764705882582e-01 2.547512533222626132e+02
3.632400000000000000e+04 4.117647058823529216e-01 2.553435370380610721e+02
3.632500000000000000e+04 4.705882352941176405e-01 2.559437869859994237e+02
3.632600000000000000e+04 5.294117647058823595e-01 2.563143271322724104e+02
3.632700000000000000e+04 5.882352941176470784e-01 2.568577422590401511e+02
3.632800000000000000e+04 6.470588235294117974e-01 2.579134884406576589e+02
3.632900000000000000e+04 7.058823529411765163e-01 2.588994904690531484e+02
3.633000000000000000e+04 7.647058823529411242e-01 2.598361334106269283e+02
3.633100000000000000e+04 8.235294117647058432e-01 2.605478215445732530e+02
3.633200000000000000e+04 8.823529411764705621e-01 2.611193983110709951e+02
3.633300000000000000e+04 9.411764705882352811e-01 2.620992962649416995e+02
3.633400000000000000e+04 8.333333333333332871e-02 2.626852996779010709e+02
3.633500000000000000e+04 1.666666666666666574e-01 2.632504545239388563e+02
3.633600000000000000e+04 2.500000000000000000e-01 2.639967788502206645e+02
3.633700000000000000e+04 3.333333333333333148e-01 2.643933894905217130e+02
3.633800000000000000e+04 4.166666666666666852e-01 2.650793924059674396e+02
3.633900000000000000e+04 5.000000000000000000e-01 2.660388193182437249e+02
3.634000000000000000e+04 5.833333333333333703e-01 2.669733245349225967e+02
3.634100000000000000e+04 6.666666666666666297e-01 2.674059906879783171e+02
3.634200000000000000e+04 7.500000000000000000e-01 2.686591467038039696e+02
3.634300000000000000e+04 8.333333333333333703e-01 2.694748672441853046e+02
3.634400000000000000e+04 9.166666666666666297e-01 2.702291881308111670e+02
3.634500000000000000e+04 2.040816326530612082e-02 2.627053490679217589e+02
3.634600000000000000e+04 4.081632653061224164e-02 2.633651975353747048e+02
3.634700000000000000e+04 6.122448979591836593e-02 2.638979263594494000e+02
3.634800000000000000e+04 8.163265306122448328e-02 2.642691405833148224e+02
3.634900000000000000e+04 1.020408163265306145e-01 2.646963407705807185e+02
3.635000000000000000e+04 1.224489795918367319e-01 2.650463407705807413e+02
3.635100000000000000e+04 1.428571428571428492e-01 2.656465074141057130e+02
3.635200000000000000e+04 1.632653061224489666e-01 2.662332782381929519e+02
3.635300000000000000e+04 1.836734693877551117e-01 2.665016063954929564e+02
3.635400000000000000e+04 2.040816326530612290e-01 2.670037020039182494e+02
3.635500000000000000e+04 2.244897959183673464e-01 2.676057817328578494e+02
3.635600000000000000e+04 2.448979591836734637e-01 2.681290407509358715e+02
3.635700000000000000e+04 2.653061224489796088e-01 2.686899328974311061e+02
3.635800000000000000e+04 2.857142857142856984e-01 2.695625152717660740e+02
3.635900000000000000e+04 3.061224489795918435e-01 2.699419885909862842e+02
3.636000000000000000e+04 3.265306122448979331e-01 2.707709638620287933e+02
3.636100000000000000e+04 3.469387755102040782e-01 2.715331318225204313e+02
3.636200000000000000e+04 3.673469387755102233e-01 2.721352115514600314e+02
3.636300000000000000e+04 3.877551020408163129e-01 2.725352115514600086e+02
3.636400000000000000e+04 4.081632653061224580e-01 2.731212149644193801e+02
3.636500000000000000e+04 4.285714285714285476e-01 2.736000677601718962e+02
3.636600000000000000e+04 4.489795918367346927e-01 2.740272679474377924e+02
3.636700000000000000e+04 4.693877551020408379e-01 2.745469794058452635e+02
3.636800000000000000e+04 4.897959183673469274e-01 2.752116597801606304e+02
3.636900000000000000e+04 5.102040816326530726e-01 2.758545439065784421e+02
3.637000000000000000e+04 5.306122448979592177e-01 2.764445439065784740e+02
3.637100000000000000e+04 5.510204081632652517e-01 2.770305473195377886e+02
3.637200000000000000e+04 5.714285714285713969e-01 2.778918254395431404e+02
3.637300000000000000e+04 5.918367346938775420e-01 2.788645021587052497e+02
3.637400000000000000e+04 6.122448979591836871e-01 2.798675475215877100e+02
3.637500000000000000e+04 6.326530612244898322e-01 2.808151761408262814e+02
3.637600000000000000e+04 6.530612244897958663e-01 2.819522337471066180e+02
3.637700000000000000e+04 6.734693877551020114e-01 2.828177393796706269e+02
3.637800000000000000e+04 6.938775510204081565e-01 2.832219670382987715e+02
3.637900000000000000e+04 7.142857142857143016e-01 2.838552126462582805e+02
3.638000000000000000e+04 7.346938775510204467e-01 2.845852811361960448e+02
3.638100000000000000e+04 7.551020408163264808e-01 2.850552811361960721e+02
3.638200000000000000e+04 7.755102040816326259e-01 2.856412845491553867e+02
3.638300000000000000e+04 7.959183673469387710e-01 2.863299063611828501e+02
3.638400000000000000e+04 8.163265306122449161e-01 2.871828424666444448e+02
3.638500000000000000e+04 8.367346938775510612e-01 2.880150083154990739e+02
3.638600000000000000e+04 8.571428571428570953e-01 2.882744307509205441e+02
3.638700000000000000e+04 8.775510204081632404e-01 2.889251226903204497e+02
3.638800000000000000e+04 8.979591836734693855e-01 2.894351226903204406e+02
3.638900000000000000e+04 9.183673469387755306e-01 2.898051226903204451e+02
3.639000000000000000e+04 9.387755102040816757e-01 2.906706283228844541e+02
3.639100000000000000e+04 9.591836734693877098e-01 2.910406283228844586e+02
3.639200000000000000e+04 9.795918367346938549e-01 2.914297298520513095e+02
3.639300000000000000e+04 2.000000000000000111e-01 1.835170581262524649e+02
3.639400000000000000e+04 4.000000000000000222e-01 1.841070581262524684e+02
3.639500000000000000e+04 5.999999999999999778e-01 1.844694115448923526e+02
3.639600000000000000e+04 8.000000000000000444e-01 1.848294115448923662e+02
3.639700000000000000e+04 2.000000000000000111e-01 1.775457460392368318e+02
3.639800000000000000e+04 4.000000000000000222e-01 1.778860400297803039e+02
3.639900000000000000e+04 5.999999999999999778e-01 1.780060400297803085e+02
3.640000000000000000e+04 8.000000000000000444e-01 1.783454512847498563e+02
3.640100000000000000e+04 2.500000000000000000e-01 1.570910598856887646e+02
3.640200000000000000e+04 5.000000000000000000e-01 1.576359451947217849e+02
3.640300000000000000e+04 7.500000000000000000e-01 1.578659451947218031e+02
3.649900000000000000e+04 6.713286713286713558e-01 1.202568132953819173e+02
3.650000000000000000e+04 6.783216783216783341e-01 1.209428162108276155e+02
3.650100000000000000e+04 6.853146853146853124e-01 1.216834240692790274e+02
3.650200000000000000e+04 6.923076923076922906e-01 1.224034935103748296e+02
3.650300000000000000e+04 6.993006993006992689e-01 1.229894969233341726e+02
3.650400000000000000e+04 7.062937062937062471e-01 1.238182308975381858e+02
3.650500000000000000e+04 7.132867132867133364e-01 1.246204154149654499e+02
3.650600000000000000e+04 7.202797202797203147e-01 1.255655609064110791e+02
3.650700000000000000e+04 7.272727272727272929e-01 1.266335496703969170e+02
3.650800000000000000e+04 7.342657342657342712e-01 1.278377921708925697e+02
3.650900000000000000e+04 7.412587412587412494e-01 1.284064748592170702e+02
3.651000000000000000e+04 7.482517482517482277e-01 1.290924777746627683e+02
3.651100000000000000e+04 7.552447552447552059e-01 1.297654562289984312e+02
3.651200000000000000e+04 7.622377622377621842e-01 1.304301366033137981e+02
3.651300000000000000e+04 7.692307692307692735e-01 1.311140225587186308e+02
3.651400000000000000e+04 7.762237762237762517e-01 1.316979746115448791e+02
3.651500000000000000e+04 7.832167832167832300e-01 1.327556607653731362e+02
3.651600000000000000e+04 7.902097902097902082e-01 1.334589388042738278e+02
3.651700000000000000e+04 7.972027972027971865e-01 1.340219663346842083e+02
3.651800000000000000e+04 8.041958041958041647e-01 1.347904063128217445e+02
3.651900000000000000e+04 8.111888111888111430e-01 1.357586005082185068e+02
3.652000000000000000e+04 8.181818181818182323e-01 1.362614921466457076e+02
3.652100000000000000e+04 8.251748251748252105e-01 1.368616587901706509e+02
3.652200000000000000e+04 8.321678321678321888e-01 1.377084173153712925e+02
3.652300000000000000e+04 8.391608391608391671e-01 1.385401023519085584e+02
3.652400000000000000e+04 8.461538461538461453e-01 1.392718810069675897e+02
3.652500000000000000e+04 8.531468531468531236e-01 1.400198114850201989e+02
3.652600000000000000e+04 8.601398601398601018e-01 1.407109699328453019e+02
3.652700000000000000e+04 8.671328671328670801e-01 1.416668988004918504e+02
3.652800000000000000e+04 8.741258741258741694e-01 1.427005815371185236e+02
3.652900000000000000e+04 8.811188811188811476e-01 1.432627203100207112e+02
3.653000000000000000e+04 8.881118881118881259e-01 1.443550114799932658e+02
3.653100000000000000e+04 8.951048951048951041e-01 1.454654168113925721e+02
3.653200000000000000e+04 9.020979020979020824e-01 1.462726961930195273e+02
3.653300000000000000e+04 9.090909090909090606e-01 1.470135740506991908e+02
3.653400000000000000e+04 9.160839160839160389e-01 1.482385638465750617e+02
3.653500000000000000e+04 9.230769230769231282e-01 1.488571913597039327e+02
3.653600000000000000e+04 9.300699300699301064e-01 1.497011107871376225e+02
3.653700000000000000e+04 9.370629370629370847e-01 1.505583155468071084e+02
3.653800000000000000e+04 9.440559440559440629e-01 1.517098797004694006e+02
3.653900000000000000e+04 9.510489510489510412e-01 1.523526082590382487e+02
3.654000000000000000e+04 9.580419580419580194e-01 1.533002368782768201e+02
3.654100000000000000e+04 9.650349650349649977e-01 1.540692622354660557e+02
3.654200000000000000e+04 9.720279720279719760e-01 1.549951671981916945e+02
3.654300000000000000e+04 9.790209790209790652e-01 1.558106425197067040e+02
3.654400000000000000e+04 9.860139860139860435e-01 1.565665525672652905e+02
3.654500000000000000e+04 9.930069930069930217e-01 1.571686322962049189e+02
3.654600000000000000e+04 1.428571428571428492e-01 1.576918913142829695e+02
3.654700000000000000e+04 2.857142857142856984e-01 1.583282874173508503e+02
3.654800000000000000e+04 4.285714285714285476e-01 1.589223412869620233e+02
3.654900000000000000e+04 5.714285714285713969e-01 1.593382739738237319e+02
3.655000000000000000e+04 7.142857142857143016e-01 1.600071536341513649e+02
3.655100000000000000e+04 8.571428571428570953e-01 1.605120298566059205e+02
3.655200000000000000e+04 4.545454545454545581e-02 1.580570578699025646e+02
3.655300000000000000e+04 9.090909090909091161e-02 1.587472027822217058e+02
3.655400000000000000e+04 1.363636363636363535e-01 1.593108516090633771e+02
3.655500000000000000e+04 1.818181818181818232e-01 1.599829379130452480e+02
3.655600000000000000e+04 2.272727272727272652e-01 1.604592781275978268e+02
3.655700000000000000e+04 2.727272727272727071e-01 1.613459573255042585e+02
3.655800000000000000e+04 3.181818181818181768e-01 1.617879980476102730e+02
3.655900000000000000e+04 3.636363636363636465e-01 1.621979980476102696e+02
3.656000000000000000e+04 4.090909090909091161e-01 1.626953912522280916e+02
3.656100000000000000e+04 4.545454545454545303e-01 1.635303163985735466e+02
3.656200000000000000e+04 5.000000000000000000e-01 1.642487869964409981e+02
3.656300000000000000e+04 5.454545454545454142e-01 1.657515178439316514e+02
3.656400000000000000e+04 5.909090909090909394e-01 1.670458902787432010e+02
3.656500000000000000e+04 6.363636363636363535e-01 1.677318931941888991e+02
3.656600000000000000e+04 6.818181818181817677e-01 1.685742707817350095e+02
3.656700000000000000e+04 7.272727272727272929e-01 1.696353080101110891e+02
3.656800000000000000e+04 7.727272727272727071e-01 1.703922095889177228e+02
3.656900000000000000e+04 8.181818181818182323e-01 1.709727265998657231e+02
3.657000000000000000e+04 8.636363636363636465e-01 1.716776379418087970e+02
3.657100000000000000e+04 9.090909090909090606e-01 1.724865878784550546e+02
3.657200000000000000e+04 9.545454545454545858e-01 1.732692116705799776e+02
3.657300000000000000e+04 2.500000000000000000e-01 1.737717054516360236e+02
3.657400000000000000e+04 5.000000000000000000e-01 1.742567827650614163e+02
3.657500000000000000e+04 7.500000000000000000e-01 1.748490664808598467e+02
3.657600000000000000e+04 1.204819277108433798e-02 1.746361791171565301e+02
3.657700000000000000e+04 2.409638554216867595e-02 1.751608695020503319e+02
3.657800000000000000e+04 3.614457831325301046e-02 1.758708695020503399e+02
3.657900000000000000e+04 4.819277108433735191e-02 1.768871863817684584e+02
3.658000000000000000e+04 6.024096385542168641e-02 1.777171863817684709e+02
3.658100000000000000e+04 7.228915662650602092e-02 1.784014377975507273e+02
3.658200000000000000e+04 8.433734939759035543e-02 1.792930094435781143e+02
3.658300000000000000e+04 9.638554216867470381e-02 1.802913079961163874e+02
3.658400000000000000e+04 1.084337349397590383e-01 1.816678979859100025e+02
3.658500000000000000e+04 1.204819277108433728e-01 1.824222188725358365e+02
3.658600000000000000e+04 1.325301204819277212e-01 1.837768405909502576e+02
3.658700000000000000e+04 1.445783132530120418e-01 1.846027945848263982e+02
3.658800000000000000e+04 1.566265060240963902e-01 1.874930713881793167e+02
3.658900000000000000e+04 1.686746987951807109e-01 1.883146552244370753e+02
3.659000000000000000e+04 1.807228915662650592e-01 1.894022672876287174e+02
3.659100000000000000e+04 1.927710843373494076e-01 1.904492152328485304e+02
3.659200000000000000e+04 2.048192771084337283e-01 1.915159860610961005e+02
3.659300000000000000e+04 2.168674698795180766e-01 1.930250586239637585e+02
3.659400000000000000e+04 2.289156626506023973e-01 1.942694862032145693e+02
3.659500000000000000e+04 2.409638554216867457e-01 1.951076389339266086e+02
3.659600000000000000e+04 2.530120481927710663e-01 1.961231191159095033e+02
3.659700000000000000e+04 2.650602409638554424e-01 1.969622853688057660e+02
3.659800000000000000e+04 2.771084337349397630e-01 1.977022853688057751e+02
3.659900000000000000e+04 2.891566265060240837e-01 1.986512848419352224e+02
3.660000000000000000e+04 3.012048192771084598e-01 1.995169060061866446e+02
3.660100000000000000e+04 3.132530120481927804e-01 2.003471469350741643e+02
3.660200000000000000e+04 3.253012048192771011e-01 2.012947755543127357e+02
3.660300000000000000e+04 3.373493975903614217e-01 2.023335248022065684e+02
3.660400000000000000e+04 3.493975903614457978e-01 2.038635248022065696e+02
3.660500000000000000e+04 3.614457831325301185e-01 2.048502365128900919e+02
3.660600000000000000e+04 3.734939759036144391e-01 2.056045573995159259e+02
3.660700000000000000e+04 3.855421686746988152e-01 2.064422327542924620e+02
3.660800000000000000e+04 3.975903614457831359e-01 2.071595890116708745e+02
3.660900000000000000e+04 4.096385542168674565e-01 2.079083212735642689e+02
3.661000000000000000e+04 4.216867469879518326e-01 2.090643922056441397e+02
3.661100000000000000e+04 4.337349397590361533e-01 2.096675505596441553e+02
3.661200000000000000e+04 4.457831325301204739e-01 2.104095074317061460e+02
3.661300000000000000e+04 4.578313253012047945e-01 2.112397483605936657e+02
3.661400000000000000e+04 4.698795180722891707e-01 2.126925387790642787e+02
3.661500000000000000e+04 4.819277108433734913e-01 2.135198839307392120e+02
3.661600000000000000e+04 4.939759036144578119e-01 2.145239755600241267e+02
3.661700000000000000e+04 5.060240963855421326e-01 2.153065993521490498e+02
3.661800000000000000e+04 5.180722891566265087e-01 2.163293896532372003e+02
3.661900000000000000e+04 5.301204819277108848e-01 2.174532223810041103e+02
3.662000000000000000e+04 5.421686746987951500e-01 2.189832223810041114e+02
3.662100000000000000e+04 5.542168674698795261e-01 2.198218522159134238e+02
3.662200000000000000e+04 5.662650602409639022e-01 2.204922252463971972e+02
3.662300000000000000e+04 5.783132530120481674e-01 2.215147710888903418e+02
3.662400000000000000e+04 5.903614457831325435e-01 2.222461396690194135e+02
3.662500000000000000e+04 6.024096385542169196e-01 2.230748736432234409e+02
3.662600000000000000e+04 6.144578313253011848e-01 2.239804121570371933e+02
3.662700000000000000e+04 6.265060240963855609e-01 2.249011727122305615e+02
3.662800000000000000e+04 6.385542168674698260e-01 2.259875428149119614e+02
3.662900000000000000e+04 6.506024096385542022e-01 2.272240297740021049e+02
3.663000000000000000e+04 6.626506024096385783e-01 2.278040297740021174e+02
3.663100000000000000e+04 6.746987951807228434e-01 2.286655400757396990e+02
3.663200000000000000e+04 6.867469879518072196e-01 2.295964536055586791e+02
3.663300000000000000e+04 6.987951807228915957e-01 2.300429958767940093e+02
3.663400000000000000e+04 7.108433734939758608e-01 2.307289987922397074e+02
3.663500000000000000e+04 7.228915662650602370e-01 2.320214770319017816e+02
3.663600000000000000e+04 7.349397590361446131e-01 2.325447360499798322e+02
3.663700000000000000e+04 7.469879518072288782e-01 2.334087383647915601e+02
3.663800000000000000e+04 7.590361445783132543e-01 2.346468417530431338e+02
3.663900000000000000e+04 7.710843373493976305e-01 2.359869909984631988e+02
3.664000000000000000e+04 7.831325301204818956e-01 2.375035990559388210e+02
3.664100000000000000e+04 7.951807228915662717e-01 2.383985292208120654e+02
3.664200000000000000e+04 8.072289156626506479e-01 2.393619086891421546e+02
3.664300000000000000e+04 8.192771084337349130e-01 2.404598157890372363e+02
3.664400000000000000e+04 8.313253012048192891e-01 2.416759572281798967e+02
3.664500000000000000e+04 8.433734939759036653e-01 2.430323495018234894e+02
3.664600000000000000e+04 8.554216867469879304e-01 2.442657594093562636e+02
3.664700000000000000e+04 8.674698795180723065e-01 2.456626846042038608e+02
3.664800000000000000e+04 8.795180722891565717e-01 2.467331050823338217e+02
3.664900000000000000e+04 8.915662650602409478e-01 2.475157288744587447e+02
3.665000000000000000e+04 9.036144578313253239e-01 2.484219849089214165e+02
3.665100000000000000e+04 9.156626506024095891e-01 2.494241326026272816e+02
3.665200000000000000e+04 9.277108433734939652e-01 2.503157042486546686e+02
3.665300000000000000e+04 9.397590361445783413e-01 2.515863340137711646e+02
3.665400000000000000e+04 9.518072289156626065e-01 2.523501402719282964e+02
3.665500000000000000e+04 9.638554216867469826e-01 2.530281520712356382e+02
3.665600000000000000e+04 9.759036144578313587e-01 2.535132293846610310e+02
3.665700000000000000e+04 9.879518072289156239e-01 2.544188231125544917e+02
3.665800000000000000e+04 2.500000000000000000e-01 2.551937424631968838e+02
3.665900000000000000e+04 5.000000000000000000e-01 2.557437424631968952e+02
3.666000000000000000e+04 7.500000000000000000e-01 2.568502685586867642e+02
3.666100000000000000e+04 5.882352941176470507e-02 2.581630518614446714e+02
3.666200000000000000e+04 1.176470588235294101e-01 2.589748400111487854e+02
3.666300000000000000e+04 1.764705882352941291e-01 2.596521139586766935e+02
3.666400000000000000e+04 2.352941176470588203e-01 2.605065143332084290e+02
3.666500000000000000e+04 2.941176470588235392e-01 2.612559808101104863e+02
3.666600000000000000e+04 3.529411764705882582e-01 2.618160700887081020e+02
3.666700000000000000e+04 4.117647058823529216e-01 2.627662279703257013e+02
3.666800000000000000e+04 4.705882352941176405e-01 2.632894869884037234e+02
3.666900000000000000e+04 5.294117647058823595e-01 2.641238729902038358e+02
3.667000000000000000e+04 5.882352941176470784e-01 2.646213667087571366e+02
3.667100000000000000e+04 6.470588235294117974e-01 2.654529314987765360e+02
3.667200000000000000e+04 7.058823529411765163e-01 2.669383607296724676e+02
3.667300000000000000e+04 7.647058823529411242e-01 2.675270032357829564e+02
3.667400000000000000e+04 8.235294117647058432e-01 2.684425358676426754e+02
3.667500000000000000e+04 8.823529411764705621e-01 2.692812253214931388e+02
3.667600000000000000e+04 9.411764705882352811e-01 2.708823811540091242e+02
3.667700000000000000e+04 3.333333333333333148e-01 2.717742892210205241e+02
3.667800000000000000e+04 6.666666666666666297e-01 2.721735385165740695e+02
3.667900000000000000e+04 3.225806451612903136e-02 2.730527995699592338e+02
3.668000000000000000e+04 6.451612903225806273e-02 2.736450832857576643e+02
3.668100000000000000e+04 9.677419354838709409e-02 2.740050832857576779e+02
3.668200000000000000e+04 1.290322580645161255e-01 2.750073307601870169e+02
3.668300000000000000e+04 1.612903225806451568e-01 2.757441482409785749e+02
3.668400000000000000e+04 1.935483870967741882e-01 2.761629560728060255e+02
3.668500000000000000e+04 2.258064516129032195e-01 2.766720729552603757e+02
3.668600000000000000e+04 2.580645161290322509e-01 2.774202039598310989e+02
3.668700000000000000e+04 2.903225806451613100e-01 2.784172495956973989e+02
3.668800000000000000e+04 3.225806451612903136e-01 2.793623950871429997e+02
3.668900000000000000e+04 3.548387096774193727e-01 2.804783699972552427e+02
3.669000000000000000e+04 3.870967741935483764e-01 2.811154728147030823e+02
3.669100000000000000e+04 4.193548387096774355e-01 2.817075032193277480e+02
3.669200000000000000e+04 4.516129032258064391e-01 2.824443207001193059e+02
3.669300000000000000e+04 4.838709677419354982e-01 2.835279257942380013e+02
3.669400000000000000e+04 5.161290322580645018e-01 2.842479952353338035e+02
3.669500000000000000e+04 5.483870967741935054e-01 2.849912986726997133e+02
3.669600000000000000e+04 5.806451612903226200e-01 2.857285231975223496e+02
3.669700000000000000e+04 6.129032258064516236e-01 2.864042450337834111e+02
3.669800000000000000e+04 6.451612903225806273e-01 2.872599318923946612e+02
3.669900000000000000e+04 6.774193548387096309e-01 2.881137468606401058e+02
3.670000000000000000e+04 7.096774193548387455e-01 2.888602721448736474e+02
3.670100000000000000e+04 7.419354838709677491e-01 2.900783854400970654e+02
3.670200000000000000e+04 7.741935483870967527e-01 2.910885834404910497e+02
3.670300000000000000e+04 8.064516129032257563e-01 2.920964524796027604e+02
3.670400000000000000e+04 8.387096774193548709e-01 2.928937604502138470e+02
3.670500000000000000e+04 8.709677419354838745e-01 2.934865504636250080e+02
3.670600000000000000e+04 9.032258064516128782e-01 2.940566381761746015e+02
3.670700000000000000e+04 9.354838709677418818e-01 2.949358992295597659e+02
3.670800000000000000e+04 9.677419354838709964e-01 2.959614234857331780e+02
3.670900000000000000e+04 1.428571428571428492e-01 2.970319840865400920e+02
3.671000000000000000e+04 2.857142857142856984e-01 2.978593292382150253e+02
3.671100000000000000e+04 4.285714285714285476e-01 2.986880632124190242e+02
3.671200000000000000e+04 5.714285714285713969e-01 2.995266930473283651e+02
3.671300000000000000e+04 7.142857142857143016e-01 3.001340644328907388e+02
3.671400000000000000e+04 8.571428571428570953e-01 3.008426545824130471e+02
3.671500000000000000e+04 1.250000000000000000e-01 3.012190851869074208e+02
3.671600000000000000e+04 2.500000000000000000e-01 3.017387966453148920e+02
3.671700000000000000e+04 3.750000000000000000e-01 3.023986451127678379e+02
3.671800000000000000e+04 5.000000000000000000e-01 3.028686451127678083e+02
3.671900000000000000e+04 6.250000000000000000e-01 3.032930270162462989e+02
3.672000000000000000e+04 7.500000000000000000e-01 3.040711015628033351e+02
3.672100000000000000e+04 8.750000000000000000e-01 3.048460209134457273e+02
3.672200000000000000e+04 3.333333333333333287e-02 3.055987492841080666e+02
3.672300000000000000e+04 6.666666666666666574e-02 3.058670774414080142e+02
3.672400000000000000e+04 1.000000000000000056e-01 3.065317578157233811e+02
3.672500000000000000e+04 1.333333333333333315e-01 3.072125661587979835e+02
3.672600000000000000e+04 1.666666666666666574e-01 3.077402971508763585e+02
3.672700000000000000e+04 2.000000000000000111e-01 3.083306360366021863e+02
3.672800000000000000e+04 2.333333333333333370e-01 3.087101093558223965e+02
3.672900000000000000e+04 2.666666666666666630e-01 3.091344912593008303e+02
3.673000000000000000e+04 2.999999999999999889e-01 3.099171150514257533e+02
3.673100000000000000e+04 3.333333333333333148e-01 3.106343318945073975e+02
3.673200000000000000e+04 3.666666666666666408e-01 3.119505765526162122e+02
3.673300000000000000e+04 4.000000000000000222e-01 3.124263916427510139e+02
3.673400000000000000e+04 4.333333333333333481e-01 3.133715371341966716e+02
3.673500000000000000e+04 4.666666666666666741e-01 3.140419101646804165e+02
3.673600000000000000e+04 5.000000000000000000e-01 3.145119101646804438e+02
3.673700000000000000e+04 5.333333333333333259e-01 3.151979130801261704e+02
3.673800000000000000e+04 5.666666666666666519e-01 3.159522339667520328e+02
3.673900000000000000e+04 5.999999999999999778e-01 3.166931793088657514e+02
3.674000000000000000e+04 6.333333333333333037e-01 3.173977359070181024e+02
3.674100000000000000e+04 6.666666666666666297e-01 3.179877359070180773e+02
3.674200000000000000e+04 6.999999999999999556e-01 3.189179509359227040e+02
3.674300000000000000e+04 7.333333333333332815e-01 3.194031313147510218e+02
3.674400000000000000e+04 7.666666666666667185e-01 3.199831313147510059e+02
3.674500000000000000e+04 8.000000000000000444e-01 3.203331313147510286e+02
3.674600000000000000e+04 8.333333333333333703e-01 3.210191342301967552e+02
3.674700000000000000e+04 8.666666666666666963e-01 3.218804704015026914e+02
3.674800000000000000e+04 9.000000000000000222e-01 3.225107877818754787e+02
3.674900000000000000e+04 9.333333333333333481e-01 3.227791159391754832e+02
3.675000000000000000e+04 9.666666666666666741e-01 3.233651193521347977e+02
3.675100000000000000e+04 2.083333333333333218e-02 3.241194402387606601e+02
3.675200000000000000e+04 4.166666666666666435e-02 3.249625890986899321e+02
3.675300000000000000e+04 6.250000000000000000e-02 3.255280977193138483e+02
3.675400000000000000e+04 8.333333333333332871e-02 3.260832553545851056e+02
3.675500000000000000e+04 1.041666666666666713e-01 3.267165009625446146e+02
3.675600000000000000e+04 1.250000000000000000e-01 3.275466214357290937e+02
3.675700000000000000e+04 1.458333333333333426e-01 3.283512331433247482e+02
3.675800000000000000e+04 1.666666666666666574e-01 3.287181118698816249e+02
3.675900000000000000e+04 1.875000000000000000e-01 3.294281118698816044e+02
3.676000000000000000e+04 2.083333333333333426e-01 3.300501247314849707e+02
3.676100000000000000e+04 2.291666666666666574e-01 3.309157458957363929e+02
3.676200000000000000e+04 2.500000000000000000e-01 3.318264049977059358e+02
3.676300000000000000e+04 2.708333333333333148e-01 3.325372495658078833e+02
3.676400000000000000e+04 2.916666666666666852e-01 3.333630219315358545e+02
3.676500000000000000e+04 3.125000000000000000e-01 3.337130219315358772e+02
3.676600000000000000e+04 3.333333333333333148e-01 3.342806485693886316e+02
3.676700000000000000e+04 3.541666666666666852e-01 3.350797105194275787e+02
3.676800000000000000e+04 3.750000000000000000e-01 3.356746054681370310e+02
3.676900000000000000e+04 3.958333333333333148e-01 3.362023364602154061e+02
3.677000000000000000e+04 4.166666666666666852e-01 3.371191243309903030e+02
3.677100000000000000e+04 4.375000000000000000e-01 3.384290861624953095e+02
3.677200000000000000e+04 4.583333333333333148e-01 3.390944432095009233e+02
3.677300000000000000e+04 4.791666666666666852e-01 3.399375920694301954e+02
3.677400000000000000e+04 5.000000000000000000e-01 3.404469053325600498e+02
3.677500000000000000e+04 5.208333333333333703e-01 3.412308696174608258e+02
3.677600000000000000e+04 5.416666666666666297e-01 3.417168737326697396e+02
3.677700000000000000e+04 5.625000000000000000e-01 3.424150857348582235e+02
3.677800000000000000e+04 5.833333333333333703e-01 3.431052306471773932e+02
3.677900000000000000e+04 6.041666666666666297e-01 3.434327974342605785e+02
3.678000000000000000e+04 6.250000000000000000e-01 3.438122707534807887e+02
3.678100000000000000e+04 6.458333333333333703e-01 3.445587960377143304e+02
3.678200000000000000e+04 6.666666666666666297e-01 3.450858633958384871e+02
3.678300000000000000e+04 6.875000000000000000e-01 3.457773111523609941e+02
3.678400000000000000e+04 7.083333333333333703e-01 3.462536513669135729e+02
3.678500000000000000e+04 7.291666666666666297e-01 3.464936513669135820e+02
3.678600000000000000e+04 7.500000000000000000e-01 3.470394535288733664e+02
3.678700000000000000e+04 7.708333333333333703e-01 3.477622951436134144e+02
3.678800000000000000e+04 7.916666666666666297e-01 3.481811029754408651e+02
3.678900000000000000e+04 8.125000000000000000e-01 3.487944544244487020e+02
3.679000000000000000e+04 8.333333333333333703e-01 3.493864848290733107e+02
3.679100000000000000e+04 8.541666666666666297e-01 3.501052337421159564e+02
3.679200000000000000e+04 8.750000000000000000e-01 3.507073134710555564e+02
3.679300000000000000e+04 8.958333333333333703e-01 3.508173134710555132e+02
3.679400000000000000e+04 9.166666666666666297e-01 3.511773134710555269e+02
3.679500000000000000e+04 9.375000000000000000e-01 3.515273134710555496e+02
3.679600000000000000e+04 9.583333333333333703e-01 3.517956416283554972e+02
3.679700000000000000e+04 9.791666666666666297e-01 3.520505926040351596e+02
3.679800000000000000e+04 3.333333333333333148e-01 3.236975347549067124e+02
3.679900000000000000e+04 6.666666666666666297e-01 3.241826120683321051e+02
3.680000000000000000e+04 2.000000000000000111e-01 3.053160209134457546e+02
3.680100000000000000e+04 4.000000000000000222e-01 3.055560209134457637e+02
3.680200000000000000e+04 5.999999999999999778e-01 3.060365414645151532e+02
3.680300000000000000e+04 8.000000000000000444e-01 3.060365414645151532e+02
3.680400000000000000e+04 2.500000000000000000e-01 3.013126545824130744e+02
3.680500000000000000e+04 5.000000000000000000e-01 3.019266578397334229e+02
3.680600000000000000e+04 7.500000000000000000e-01 3.024543888318117979e+02
3.680700000000000000e+04 3.333333333333333148e-01 2.963114234857331439e+02
3.680800000000000000e+04 6.666666666666666297e-01 2.968914234857331280e+02
3.680900000000000000e+04 2.173913043478260809e-02 2.731287871753012269e+02
3.681000000000000000e+04 4.347826086956521618e-02 2.735987871753012541e+02
3.681100000000000000e+04 6.521739130434782428e-02 2.742058291837323054e+02
3.681200000000000000e+04 8.695652173913043237e-02 2.748788076380679399e+02
3.681300000000000000e+04 1.086956521739130405e-01 2.755199004550609061e+02
3.681400000000000000e+04 1.304347826086956486e-01 2.761099004550609379e+02
3.681500000000000000e+04 1.521739130434782705e-01 2.767189981483745669e+02
3.681600000000000000e+04 1.739130434782608647e-01 2.772016988838204270e+02
3.681700000000000000e+04 1.956521739130434867e-01 2.780303121832550914e+02
3.681800000000000000e+04 2.173913043478260809e-01 2.787244303288182437e+02
3.681900000000000000e+04 2.391304347826087029e-01 2.796240413558738283e+02
3.682000000000000000e+04 2.608695652173912971e-01 2.800271542432887486e+02
3.682100000000000000e+04 2.826086956521738913e-01 2.803771542432887145e+02
3.682200000000000000e+04 3.043478260869565410e-01 2.812819746674613839e+02
3.682300000000000000e+04 3.260869565217391353e-01 2.821981624211450708e+02
3.682400000000000000e+04 3.478260869565217295e-01 2.825692419274506619e+02
3.682500000000000000e+04 3.695652173913043237e-01 2.830811989568974809e+02
3.682600000000000000e+04 3.913043478260869734e-01 2.837144445648569899e+02
3.682700000000000000e+04 4.130434782608695676e-01 2.844970683569819130e+02
3.682800000000000000e+04 4.347826086956521618e-01 2.848470683569819357e+02
3.682900000000000000e+04 4.565217391304347561e-01 2.852971794543790338e+02
3.683000000000000000e+04 4.782608695652174058e-01 2.859341252919508065e+02
3.683100000000000000e+04 5.000000000000000000e-01 2.866427154414730580e+02
3.683200000000000000e+04 5.217391304347825942e-01 2.876263312201184021e+02
3.683300000000000000e+04 5.434782608695651884e-01 2.883995711570073581e+02
3.683400000000000000e+04 5.652173913043477826e-01 2.894032643372173084e+02
3.683500000000000000e+04 5.869565217391304879e-01 2.902925899243899721e+02
3.683600000000000000e+04 6.086956521739130821e-01 2.911902535584980001e+02
3.683700000000000000e+04 6.304347826086956763e-01 2.917762569714573715e+02
3.683800000000000000e+04 6.521739130434782705e-01 2.925489147223406690e+02
3.683900000000000000e+04 6.739130434782608647e-01 2.928129222979895303e+02
3.684000000000000000e+04 6.956521739130434590e-01 2.933832730672535263e+02
3.684100000000000000e+04 7.173913043478260532e-01 2.939065320853315484e+02
3.684200000000000000e+04 7.391304347826086474e-01 2.942765320853315529e+02
3.684300000000000000e+04 7.608695652173913526e-01 2.945628885065970621e+02
3.684400000000000000e+04 7.826086956521739468e-01 2.950986123160362240e+02
3.684500000000000000e+04 8.043478260869565410e-01 2.956103739793131808e+02
3.684600000000000000e+04 8.260869565217391353e-01 2.965296127948557228e+02
3.684700000000000000e+04 8.478260869565217295e-01 2.971591364242772215e+02
3.684800000000000000e+04 8.695652173913043237e-01 2.977923820322367305e+02
3.684900000000000000e+04 8.913043478260869179e-01 2.983524713108343462e+02
3.685000000000000000e+04 9.130434782608695121e-01 2.992924713108343440e+02
3.685100000000000000e+04 9.347826086956522174e-01 3.002376168022799447e+02
3.685200000000000000e+04 9.565217391304348116e-01 3.010113738700990211e+02
3.685300000000000000e+04 9.782608695652174058e-01 3.016697050937243034e+02
3.685400000000000000e+04 1.408450704225352144e-02 3.024743168013199579e+02
3.685500000000000000e+04 2.816901408450704289e-02 3.030844807137238490e+02
3.685600000000000000e+04 4.225352112676056260e-02 3.036948084945105393e+02
3.685700000000000000e+04 5.633802816901408578e-02 3.043708262457567457e+02
3.685800000000000000e+04 7.042253521126760896e-02 3.053911203210114991e+02
3.685900000000000000e+04 8.450704225352112520e-02 3.061506596550818244e+02
3.686000000000000000e+04 9.859154929577464144e-02 3.067783538481408527e+02
3.686100000000000000e+04 1.126760563380281716e-01 3.074484284708508994e+02
3.686200000000000000e+04 1.267605633802816878e-01 3.080325517455112845e+02
3.686300000000000000e+04 1.408450704225352179e-01 3.087788760717930927e+02
3.686400000000000000e+04 1.549295774647887203e-01 3.093506277661500121e+02
3.686500000000000000e+04 1.690140845070422504e-01 3.100874452469415701e+02
3.686600000000000000e+04 1.830985915492957805e-01 3.112735734019062761e+02
3.686700000000000000e+04 1.971830985915492829e-01 3.117685481487368406e+02
3.686800000000000000e+04 2.112676056338028130e-01 3.126002933020139949e+02
3.686900000000000000e+04 2.253521126760563431e-01 3.134326994528802857e+02
3.687000000000000000e+04 2.394366197183098455e-01 3.138475488231341046e+02
3.687100000000000000e+04 2.535211267605633756e-01 3.144762776995188460e+02
3.687200000000000000e+04 2.676056338028168780e-01 3.148375255368825947e+02
3.687300000000000000e+04 2.816901408450704358e-01 3.152075255368825992e+02
3.687400000000000000e+04 2.957746478873239382e-01 3.158986839847077022e+02
3.687500000000000000e+04 3.098591549295774406e-01 3.167659209765386663e+02
3.687600000000000000e+04 3.239436619718309984e-01 3.172486217119845264e+02
3.687700000000000000e+04 3.380281690140845008e-01 3.183335641067686765e+02
3.687800000000000000e+04 3.521126760563380031e-01 3.187799943924796935e+02
3.687900000000000000e+04 3.661971830985915610e-01 3.192319899676792829e+02
3.688000000000000000e+04 3.802816901408450634e-01 3.197777005136649677e+02
3.688100000000000000e+04 3.943661971830985657e-01 3.206851695214002120e+02
3.688200000000000000e+04 4.084507042253521236e-01 3.214993562321736249e+02
3.688300000000000000e+04 4.225352112676056260e-01 3.222911264008463377e+02
3.688400000000000000e+04 4.366197183098591283e-01 3.227738271362922546e+02
3.688500000000000000e+04 4.507042253521126862e-01 3.235038956262300189e+02
3.688600000000000000e+04 4.647887323943661886e-01 3.245385936498098545e+02
3.688700000000000000e+04 4.788732394366196909e-01 3.250335683966404758e+02
3.688800000000000000e+04 4.929577464788732488e-01 3.257353518390214049e+02
3.688900000000000000e+04 5.070422535211267512e-01 3.262180525744673218e+02
3.689000000000000000e+04 5.211267605633802535e-01 3.269137536597043550e+02
3.689100000000000000e+04 5.352112676056337559e-01 3.276600779859861632e+02
3.689200000000000000e+04 5.492957746478873693e-01 3.281793081854160619e+02
3.689300000000000000e+04 5.633802816901408717e-01 3.286814037938414117e+02
3.689400000000000000e+04 5.774647887323943740e-01 3.292170342634751137e+02
3.689500000000000000e+04 5.915492957746478764e-01 3.298522507620014039e+02
3.689600000000000000e+04 6.056338028169013787e-01 3.302794509492672432e+02
3.689700000000000000e+04 6.197183098591548811e-01 3.312209922388557288e+02
3.689800000000000000e+04 6.338028169014084945e-01 3.317517464192443413e+02
3.689900000000000000e+04 6.478873239436619969e-01 3.322683700733679188e+02
3.690000000000000000e+04 6.619718309859154992e-01 3.331719739688884943e+02
3.690100000000000000e+04 6.760563380281690016e-01 3.342817937740821321e+02
3.690200000000000000e+04 6.901408450704225039e-01 3.348849521280821477e+02
3.690300000000000000e+04 7.042253521126760063e-01 3.354777421414933087e+02
3.690400000000000000e+04 7.183098591549296197e-01 3.361723643409658280e+02
3.690500000000000000e+04 7.323943661971831220e-01 3.365047797437377426e+02
3.690600000000000000e+04 7.464788732394366244e-01 3.373923607259584969e+02
3.690700000000000000e+04 7.605633802816901268e-01 3.380385805028146251e+02
3.690800000000000000e+04 7.746478873239436291e-01 3.386489082836013154e+02
3.690900000000000000e+04 7.887323943661971315e-01 3.391580251660556087e+02
3.691000000000000000e+04 8.028169014084507449e-01 3.400495968120829957e+02
3.691100000000000000e+04 8.169014084507042472e-01 3.406764939328293167e+02
3.691200000000000000e+04 8.309859154929577496e-01 3.415680655788567037e+02
3.691300000000000000e+04 8.450704225352112520e-01 3.422540684943024303e+02
3.691400000000000000e+04 8.591549295774647543e-01 3.430487382370258160e+02
3.691500000000000000e+04 8.732394366197182567e-01 3.437140952840314299e+02
3.691600000000000000e+04 8.873239436619718701e-01 3.441329031158588805e+02
3.691700000000000000e+04 9.014084507042253724e-01 3.449843724341552047e+02
3.691800000000000000e+04 9.154929577464788748e-01 3.455344633357341877e+02
3.691900000000000000e+04 9.295774647887323772e-01 3.466609179508874377e+02
3.692000000000000000e+04 9.436619718309858795e-01 3.471810140958452848e+02
3.692100000000000000e+04 9.577464788732393819e-01 3.477087450879236599e+02
3.692200000000000000e+04 9.718309859154929953e-01 3.485236683971988327e+02
3.692300000000000000e+04 9.859154929577464976e-01 3.491298861798479152e+02
3.692400000000000000e+04 3.333333333333333148e-01 3.020021204964962180e+02
3.692500000000000000e+04 6.666666666666666297e-01 3.025881239094555326e+02
3.692600000000000000e+04 1.250000000000000000e-01 2.716367020406349866e+02
3.692700000000000000e+04 2.500000000000000000e-01 2.721093541325588490e+02
3.692800000000000000e+04 3.750000000000000000e-01 2.725337360360372827e+02
3.692900000000000000e+04 5.000000000000000000e-01 2.728020641933372872e+02
3.693000000000000000e+04 6.250000000000000000e-01 2.733050552469356376e+02
3.693100000000000000e+04 7.500000000000000000e-01 2.738327862390140126e+02
3.693200000000000000e+04 8.750000000000000000e-01 2.743027862390140399e+02
3.693300000000000000e+04 1.666666666666666574e-01 2.574362719716461356e+02
3.693400000000000000e+04 3.333333333333333148e-01 2.578663882349982828e+02
3.693500000000000000e+04 5.000000000000000000e-01 2.581988036377701974e+02
3.693600000000000000e+04 6.666666666666666297e-01 2.588440167808477099e+02
3.693700000000000000e+04 8.333333333333333703e-01 2.593140167808477372e+02
3.693800000000000000e+04 9.090909090909091161e-02 2.600829771179263048e+02
3.693900000000000000e+04 1.818181818181818232e-01 2.608701238640924771e+02
3.694000000000000000e+04 2.727272727272727071e-01 2.612025392668643349e+02
3.694100000000000000e+04 3.636363636363636465e-01 2.619326077568020992e+02
3.694200000000000000e+04 4.545454545454545303e-01 2.624558667748801213e+02
3.694300000000000000e+04 5.454545454545454142e-01 2.630103034259053061e+02
3.694400000000000000e+04 6.363636363636363535e-01 2.636025871417037365e+02
3.694500000000000000e+04 7.272727272727272929e-01 2.640725871417037069e+02
3.694600000000000000e+04 8.181818181818182323e-01 2.644001539287868923e+02
3.694700000000000000e+04 9.090909090909090606e-01 2.654737460300991074e+02
3.694800000000000000e+04 2.631578947368420907e-02 2.661063596562564726e+02
3.694900000000000000e+04 5.263157894736841813e-02 2.666781113506133920e+02
3.695000000000000000e+04 7.894736842105262720e-02 2.669829063636959745e+02
3.695100000000000000e+04 1.052631578947368363e-01 2.674211985037122190e+02
3.695200000000000000e+04 1.315789473684210453e-01 2.679458888886060208e+02
3.695300000000000000e+04 1.578947368421052544e-01 2.686233104707836219e+02
3.695400000000000000e+04 1.842105263157894635e-01 2.691936612400476179e+02
3.695500000000000000e+04 2.105263157894736725e-01 2.695605399666044946e+02
3.695600000000000000e+04 2.368421052631578816e-01 2.703671377598075196e+02
3.695700000000000000e+04 2.631578947368420907e-01 2.710678516814617183e+02
3.695800000000000000e+04 2.894736842105263275e-01 2.717325320557770851e+02
3.695900000000000000e+04 3.157894736842105088e-01 2.723972124300924520e+02
3.696000000000000000e+04 3.421052631578947456e-01 2.730675854605762538e+02
3.696100000000000000e+04 3.684210526315789269e-01 2.742271112257060963e+02
3.696200000000000000e+04 3.947368421052631637e-01 2.749280391820610703e+02
3.696300000000000000e+04 4.210526315789473450e-01 2.757686342094077645e+02
3.696400000000000000e+04 4.473684210526315819e-01 2.762453941070501742e+02
3.696500000000000000e+04 4.736842105263157632e-01 2.768538347368572090e+02
3.696600000000000000e+04 5.000000000000000000e-01 2.776395827880797356e+02
3.696700000000000000e+04 5.263157894736841813e-01 2.784640826364727104e+02
3.696800000000000000e+04 5.526315789473684736e-01 2.789340826364726809e+02
3.696900000000000000e+04 5.789473684210526550e-01 2.794120993725813378e+02
3.697000000000000000e+04 6.052631578947368363e-01 2.802555446879397323e+02
3.697100000000000000e+04 6.315789473684210176e-01 2.806743525197671829e+02
3.697200000000000000e+04 6.578947368421053099e-01 2.812643525197671579e+02
3.697300000000000000e+04 6.842105263157894912e-01 2.819108043741229039e+02
3.697400000000000000e+04 7.105263157894736725e-01 2.826508043741229130e+02
3.697500000000000000e+04 7.368421052631578538e-01 2.835094661235912099e+02
3.697600000000000000e+04 7.631578947368421462e-01 2.840995508632685187e+02
3.697700000000000000e+04 7.894736842105263275e-01 2.845415915853745332e+02
3.697800000000000000e+04 8.157894736842105088e-01 2.848915915853745560e+02
3.697900000000000000e+04 8.421052631578946901e-01 2.857070669068895654e+02
3.698000000000000000e+04 8.684210526315789824e-01 2.865414529086896778e+02
3.698100000000000000e+04 8.947368421052631637e-01 2.869083316352465545e+02
3.698200000000000000e+04 9.210526315789473450e-01 2.873327135387249882e+02
3.698300000000000000e+04 9.473684210526315264e-01 2.878570226078817313e+02
3.698400000000000000e+04 9.736842105263158187e-01 2.882070226078817541e+02
3.698500000000000000e+04 4.000000000000000083e-02 2.886248742561973017e+02
3.698600000000000000e+04 8.000000000000000167e-02 2.892108776691566163e+02
3.698700000000000000e+04 1.199999999999999956e-01 2.899376513615808904e+02
3.698800000000000000e+04 1.600000000000000033e-01 2.904409405428673381e+02
3.698900000000000000e+04 2.000000000000000111e-01 2.909911223310064656e+02
3.699000000000000000e+04 2.399999999999999911e-01 2.917827030280929534e+02
3.699100000000000000e+04 2.800000000000000266e-01 2.929204639871700238e+02
3.699200000000000000e+04 3.200000000000000067e-01 2.932873427137269573e+02
3.699300000000000000e+04 3.599999999999999867e-01 2.936578828599999156e+02
3.699400000000000000e+04 4.000000000000000222e-01 2.942911284679594246e+02
3.699500000000000000e+04 4.400000000000000022e-01 2.950827091650459124e+02
3.699600000000000000e+04 4.799999999999999822e-01 2.959949043196044158e+02
3.699700000000000000e+04 5.200000000000000178e-01 2.966994609177567668e+02
3.699800000000000000e+04 5.600000000000000533e-01 2.975294609177567509e+02
3.699900000000000000e+04 5.999999999999999778e-01 2.980378898705121742e+02
3.700000000000000000e+04 6.400000000000000133e-01 2.986278898705121492e+02
3.700100000000000000e+04 6.800000000000000488e-01 2.994687227908952991e+02
3.700200000000000000e+04 7.199999999999999734e-01 3.002150471171771073e+02
3.700300000000000000e+04 7.600000000000000089e-01 3.009613714434589156e+02
3.700400000000000000e+04 8.000000000000000444e-01 3.020259840490577972e+02
3.700500000000000000e+04 8.399999999999999689e-01 3.028177542177305099e+02
3.700600000000000000e+04 8.800000000000000044e-01 3.035909941546194659e+02
3.700700000000000000e+04 9.200000000000000400e-01 3.040862718545010352e+02
3.700800000000000000e+04 9.599999999999999645e-01 3.045810445295751947e+02
3.700900000000000000e+04 1.111111111111111049e-01 3.050661218430005874e+02
3.701000000000000000e+04 2.222222222222222099e-01 3.056584055587990179e+02
3.701100000000000000e+04 3.333333333333333148e-01 3.060184055587990315e+02
3.701200000000000000e+04 4.444444444444444198e-01 3.066185722023240032e+02
3.701300000000000000e+04 5.555555555555555802e-01 3.071463031944023783e+02
3.701400000000000000e+04 6.666666666666666297e-01 3.074963031944023442e+02
3.701500000000000000e+04 7.777777777777777901e-01 3.081970171160565428e+02
3.701600000000000000e+04 8.888888888888888395e-01 3.085470171160565087e+02
3.701700000000000000e+04 1.250000000000000000e-01 3.092333115135274397e+02
3.701800000000000000e+04 2.500000000000000000e-01 3.099971177716846000e+02
3.701900000000000000e+04 3.750000000000000000e-01 3.105831211846439714e+02
3.702000000000000000e+04 5.000000000000000000e-01 3.109531211846439760e+02
3.702100000000000000e+04 6.250000000000000000e-01 3.117025876615460334e+02
3.702200000000000000e+04 7.500000000000000000e-01 3.124911940272317565e+02
3.702300000000000000e+04 8.750000000000000000e-01 3.130771974401910711e+02
3.702400000000000000e+04 1.666666666666666574e-01 3.138710488116706188e+02
3.702500000000000000e+04 3.333333333333333148e-01 3.146570513561957796e+02
3.702600000000000000e+04 5.000000000000000000e-01 3.151847823482741546e+02
3.702700000000000000e+04 6.666666666666666297e-01 3.157264464508322135e+02
3.702800000000000000e+04 8.333333333333333703e-01 3.165779157691285377e+02
3.702900000000000000e+04 1.694915254237288130e-02 3.177499225950472237e+02
3.703000000000000000e+04 3.389830508474576259e-02 3.187300246305516680e+02
3.703100000000000000e+04 5.084745762711864736e-02 3.195001544897313011e+02
3.703200000000000000e+04 6.779661016949152519e-02 3.209875683527835690e+02
3.703300000000000000e+04 8.474576271186440302e-02 3.217473709587280268e+02
3.703400000000000000e+04 1.016949152542372947e-01 3.222706299768060489e+02
3.703500000000000000e+04 1.186440677966101725e-01 3.228955299688047944e+02
3.703600000000000000e+04 1.355932203389830504e-01 3.231549524042262647e+02
3.703700000000000000e+04 1.525423728813559421e-01 3.235821525914921040e+02
3.703800000000000000e+04 1.694915254237288060e-01 3.244322702304103814e+02
3.703900000000000000e+04 1.864406779661016977e-01 3.252486647428858078e+02
3.704000000000000000e+04 2.033898305084745894e-01 3.261565193567971050e+02
3.704100000000000000e+04 2.203389830508474534e-01 3.267978461065900433e+02
3.704200000000000000e+04 2.372881355932203451e-01 3.274804147844532736e+02
3.704300000000000000e+04 2.542372881355932090e-01 3.284946139759339303e+02
3.704400000000000000e+04 2.711864406779661008e-01 3.289822613895433960e+02
3.704500000000000000e+04 2.881355932203389925e-01 3.297017056194875977e+02
3.704600000000000000e+04 3.050847457627118842e-01 3.301717056194876250e+02
3.704700000000000000e+04 3.220338983050847204e-01 3.307617056194876000e+02
3.704800000000000000e+04 3.389830508474576121e-01 3.314241254259547418e+02
3.704900000000000000e+04 3.559322033898305038e-01 3.318035987451749520e+02
3.705000000000000000e+04 3.728813559322033955e-01 3.325501240294084937e+02
3.705100000000000000e+04 3.898305084745762872e-01 3.330426684436494611e+02
3.705200000000000000e+04 4.067796610169491789e-01 3.336286718566087757e+02
3.705300000000000000e+04 4.237288135593220151e-01 3.343882770172020855e+02
3.705400000000000000e+04 4.406779661016949068e-01 3.352172522882445946e+02
3.705500000000000000e+04 4.576271186440677985e-01 3.357366750447734489e+02
3.705600000000000000e+04 4.745762711864406902e-01 3.362815603538064693e+02
3.705700000000000000e+04 4.915254237288135819e-01 3.368197053156894185e+02
3.705800000000000000e+04 5.084745762711864181e-01 3.372385131475168691e+02
3.705900000000000000e+04 5.254237288135593653e-01 3.379848374737986774e+02
3.706000000000000000e+04 5.423728813559322015e-01 3.385125684658770524e+02
3.706100000000000000e+04 5.593220338983050377e-01 3.395104161496444704e+02
3.706200000000000000e+04 5.762711864406779849e-01 3.399954934630698631e+02
3.706300000000000000e+04 5.932203389830508211e-01 3.405062771746347607e+02
3.706400000000000000e+04 6.101694915254237683e-01 3.411993139701947371e+02
3.706500000000000000e+04 6.271186440677966045e-01 3.415693139701947416e+02
3.706600000000000000e+04 6.440677966101694407e-01 3.425356989866348840e+02
3.706700000000000000e+04 6.610169491525423879e-01 3.431902981005970332e+02
3.706800000000000000e+04 6.779661016949152241e-01 3.438206154809698205e+02
3.706900000000000000e+04 6.949152542372881713e-01 3.444325795322016006e+02
3.707000000000000000e+04 7.118644067796610075e-01 3.449701667344302223e+02
3.707100000000000000e+04 7.288135593220338437e-01 3.456981777233582989e+02
3.707200000000000000e+04 7.457627118644067910e-01 3.461264299854655633e+02
3.707300000000000000e+04 7.627118644067796271e-01 3.465964299854655337e+02
3.707400000000000000e+04 7.796610169491525744e-01 3.472824329009112603e+02
3.707500000000000000e+04 7.966101694915254106e-01 3.476609827655262279e+02
3.707600000000000000e+04 8.135593220338983578e-01 3.480109827655262507e+02
3.707700000000000000e+04 8.305084745762711940e-01 3.482793109228261983e+02
3.707800000000000000e+04 8.474576271186440302e-01 3.487620116582721153e+02
3.707900000000000000e+04 8.644067796610169774e-01 3.493971494386001382e+02
3.708000000000000000e+04 8.813559322033898136e-01 3.499882501068453848e+02
3.708100000000000000e+04 8.983050847457627608e-01 3.503382501068454076e+02
3.708200000000000000e+04 9.152542372881355970e-01 3.510454982952488763e+02
3.708300000000000000e+04 9.322033898305084332e-01 3.516742271716336177e+02
3.708400000000000000e+04 9.491525423728813804e-01 3.523640097460728384e+02
3.708500000000000000e+04 9.661016949152542166e-01 3.527434830652930486e+02
3.708600000000000000e+04 9.830508474576271638e-01 3.531521394001271119e+02
3.708700000000000000e+04 5.000000000000000000e-01 3.171971087923450341e+02
3.708800000000000000e+04 3.333333333333333148e-01 3.134024665595368901e+02
3.708900000000000000e+04 6.666666666666666297e-01 3.140646598847825999e+02
3.709000000000000000e+04 2.000000000000000111e-01 3.090563303791863632e+02
3.709100000000000000e+04 4.000000000000000222e-01 3.094889965322420267e+02
3.709200000000000000e+04 5.999999999999999778e-01 3.101253926353099359e+02
3.709300000000000000e+04 8.000000000000000444e-01 3.102950982627947383e+02
3.709400000000000000e+04 3.333333333333333148e-01 3.048754931668618724e+02
3.709500000000000000e+04 6.666666666666666297e-01 3.053026933541277685e+02
3.709600000000000000e+04 3.333333333333333148e-01 2.884753507651817017e+02
3.709700000000000000e+04 6.666666666666666297e-01 2.887053507651817199e+02
3.709800000000000000e+04 1.111111111111111049e-01 2.659121522344347568e+02
3.709900000000000000e+04 2.222222222222222099e-01 2.662245622214710465e+02
3.710000000000000000e+04 3.333333333333333148e-01 2.675500809878413975e+02
3.710100000000000000e+04 4.444444444444444198e-01 2.682868984686329554e+02
3.710200000000000000e+04 5.555555555555555802e-01 2.688310491830494584e+02
3.710300000000000000e+04 6.666666666666666297e-01 2.691810491830494811e+02
3.710400000000000000e+04 7.777777777777777901e-01 2.694541791887244244e+02
3.710500000000000000e+04 8.888888888888888395e-01 2.696941791887244335e+02
3.710600000000000000e+04 3.333333333333333148e-01 2.702864629045228639e+02
3.710700000000000000e+04 6.666666666666666297e-01 2.713442908678514982e+02
3.710800000000000000e+04 3.333333333333333148e-01 2.702269080127991288e+02
3.710900000000000000e+04 6.666666666666666297e-01 2.708169080127991037e+02
3.711000000000000000e+04 3.225806451612903136e-02 2.600656815997663784e+02
3.711100000000000000e+04 6.451612903225806273e-02 2.602965495273786587e+02
3.711200000000000000e+04 9.677419354838709409e-02 2.608997078813786743e+02
3.711300000000000000e+04 1.290322580645161255e-01 2.614018034898040241e+02
3.711400000000000000e+04 1.612903225806451568e-01 2.620350490977635332e+02
3.711500000000000000e+04 1.935483870967741882e-01 2.625300238445940977e+02
3.711600000000000000e+04 2.258064516129032195e-01 2.630066788561066460e+02
3.711700000000000000e+04 2.580645161290322509e-01 2.631166788561066596e+02
3.711800000000000000e+04 2.903225806451613100e-01 2.636163787660526623e+02
3.711900000000000000e+04 3.225806451612903136e-01 2.643265900022352639e+02
3.712000000000000000e+04 3.548387096774193727e-01 2.650992477531185614e+02
3.712100000000000000e+04 3.870967741935483764e-01 2.657361935906903341e+02
3.712200000000000000e+04 4.193548387096774355e-01 2.663265324764161619e+02
3.712300000000000000e+04 4.516129032258064391e-01 2.668213051514903214e+02
3.712400000000000000e+04 4.838709677419354982e-01 2.676413051514903145e+02
3.712500000000000000e+04 5.161290322580645018e-01 2.681113051514903418e+02
3.712600000000000000e+04 5.483870967741935054e-01 2.688468321734276856e+02
3.712700000000000000e+04 5.806451612903226200e-01 2.693418069202582501e+02
3.712800000000000000e+04 6.129032258064516236e-01 2.698495470112496832e+02
3.712900000000000000e+04 6.451612903225806273e-01 2.707227022093674123e+02
3.713000000000000000e+04 6.774193548387096309e-01 2.710827022093674259e+02
3.713100000000000000e+04 7.096774193548387455e-01 2.717047150709707921e+02
3.713200000000000000e+04 7.419354838709677491e-01 2.721897923843961848e+02
3.713300000000000000e+04 7.741935483870967527e-01 2.726086002162236355e+02
3.713400000000000000e+04 8.064516129032257563e-01 2.727713884221846570e+02
3.713500000000000000e+04 8.387096774193548709e-01 2.731957703256630907e+02
3.713600000000000000e+04 8.709677419354838745e-01 2.739116613788269206e+02
3.713700000000000000e+04 9.032258064516128782e-01 2.746842544152956975e+02
3.713800000000000000e+04 9.354838709677418818e-01 2.752075134333737196e+02
3.713900000000000000e+04 9.677419354838709964e-01 2.754758415906736673e+02
3.714000000000000000e+04 3.333333333333333148e-01 2.554158687484207633e+02
3.714100000000000000e+04 6.666666666666666297e-01 2.557058687484207837e+02
