3.621400000000000000e+04 5.999999999999999778e-01
3.707200000000000000e+04 7.457627118644067910e-01
3.619500000000000000e+04 7.142857142857143016e-01
3.654800000000000000e+04 4.285714285714285476e-01
3.481400000000000000e+04 4.814814814814814548e-01
3.681900000000000000e+04 2.391304347826087029e-01
3.669000000000000000e+04 3.870967741935483764e-01
3.545500000000000000e+04 2.000000000000000111e-01
3.578200000000000000e+04 7.500000000000000000e-01
3.615400000000000000e+04 5.999999999999999778e-01
3.476300000000000000e+04 6.551724137931034253e-01
3.701700000000000000e+04 1.250000000000000000e-01
3.624600000000000000e+04 7.272727272727272929e-01
3.629800000000000000e+04 6.315789473684210176e-01
3.709700000000000000e+04 6.666666666666666297e-01
3.704500000000000000e+04 2.881355932203389925e-01
3.586300000000000000e+04 8.181818181818182323e-01
3.653600000000000000e+04 9.300699300699301064e-01
3.473400000000000000e+04 8.333333333333332871e-02
3.635700000000000000e+04 2.653061224489796088e-01
3.683800000000000000e+04 6.521739130434782705e-01
3.702000000000000000e+04 5.000000000000000000e-01
3.697400000000000000e+04 7.105263157894736725e-01
3.519600000000000000e+04 9.218750000000000000e-01
3.705400000000000000e+04 4.406779661016949068e-01
3.492000000000000000e+04 6.250000000000000000e-01
3.691600000000000000e+04 8.873239436619718701e-01
3.588000000000000000e+04 2.857142857142856984e-01
3.690400000000000000e+04 7.183098591549296197e-01
3.655400000000000000e+04 1.363636363636363535e-01
3.460700000000000000e+04 7.826086956521739468e-01
3.611700000000000000e+04 5.000000000000000000e-01
3.479700000000000000e+04 3.333333333333333148e-01
3.492400000000000000e+04 5.000000000000000000e-01
3.671000000000000000e+04 2.857142857142856984e-01
3.666000000000000000e+04 7.500000000000000000e-01
3.659200000000000000e+04 2.048192771084337283e-01
3.693600000000000000e+04 6.666666666666666297e-01
3.678400000000000000e+04 7.083333333333333703e-01
3.711500000000000000e+04 1.935483870967741882e-01
3.698700000000000000e+04 1.199999999999999956e-01
3.623600000000000000e+04 9.166666666666666297e-01
3.565500000000000000e+04 5.882352941176470507e-02
3.545400000000000000e+04 1.499999999999999944e-01
3.698300000000000000e+04 9.473684210526315264e-01
3.565600000000000000e+04 1.176470588235294101e-01
3.614800000000000000e+04 3.599999999999999867e-01
3.703700000000000000e+04 1.525423728813559421e-01
3.462700000000000000e+04 7.500000000000000000e-01
3.534600000000000000e+04 6.800000000000000488e-01
3.483000000000000000e+04 7.500000000000000000e-01
3.467500000000000000e+04 3.333333333333333148e-01
3.636800000000000000e+04 4.897959183673469274e-01
3.675700000000000000e+04 1.458333333333333426e-01
3.695200000000000000e+04 1.315789473684210453e-01
3.588300000000000000e+04 3.714285714285714413e-01
3.652500000000000000e+04 8.531468531468531236e-01
3.703600000000000000e+04 1.355932203389830504e-01
3.689900000000000000e+04 6.478873239436619969e-01
3.638800000000000000e+04 8.979591836734693855e-01
3.676100000000000000e+04 2.291666666666666574e-01
3.459400000000000000e+04 2.173913043478260809e-01
3.625300000000000000e+04 3.750000000000000000e-01
3.664200000000000000e+04 8.072289156626506479e-01
3.651600000000000000e+04 7.902097902097902082e-01
3.469000000000000000e+04 6.666666666666666297e-01
3.478400000000000000e+04 8.750000000000000000e-01
3.656700000000000000e+04 7.272727272727272929e-01
3.577000000000000000e+04 7.142857142857143016e-01
3.479400000000000000e+04 9.090909090909090606e-01
3.545800000000000000e+04 3.499999999999999778e-01
3.685500000000000000e+04 2.816901408450704289e-02
3.635600000000000000e+04 2.448979591836734637e-01
3.540100000000000000e+04 3.921568627450980338e-02
3.708000000000000000e+04 8.813559322033898136e-01
3.460600000000000000e+04 7.391304347826086474e-01
3.471500000000000000e+04 8.000000000000000444e-01
3.680500000000000000e+04 5.000000000000000000e-01
3.626900000000000000e+04 5.000000000000000000e-01
3.701500000000000000e+04 7.777777777777777901e-01
3.473000000000000000e+04 3.333333333333333148e-01
3.658700000000000000e+04 1.445783132530120418e-01
3.539500000000000000e+04 5.000000000000000000e-01
3.493700000000000000e+04 2.727272727272727071e-01
3.481800000000000000e+04 6.296296296296296502e-01
3.625700000000000000e+04 8.750000000000000000e-01
3.535200000000000000e+04 9.200000000000000400e-01
3.621000000000000000e+04 3.333333333333333148e-01
3.482900000000000000e+04 5.000000000000000000e-01
3.667400000000000000e+04 8.235294117647058432e-01
3.713000000000000000e+04 6.774193548387096309e-01
3.677000000000000000e+04 4.166666666666666852e-01
3.484100000000000000e+04 9.166666666666666297e-01
3.581300000000000000e+04 3.333333333333333148e-01
3.471400000000000000e+04 5.999999999999999778e-01
3.484300000000000000e+04 5.000000000000000000e-01
3.658800000000000000e+04 1.566265060240963902e-01
3.637800000000000000e+04 6.938775510204081565e-01
3.662200000000000000e+04 5.662650602409639022e-01
3.702200000000000000e+04 7.500000000000000000e-01
3.677500000000000000e+04 5.208333333333333703e-01
3.520300000000000000e+04 9.765625000000000000e-01
3.657100000000000000e+04 9.090909090909090606e-01
3.566000000000000000e+04 3.529411764705882582e-01
3.655100000000000000e+04 8.571428571428570953e-01
3.589200000000000000e+04 6.285714285714285587e-01
3.676300000000000000e+04 2.708333333333333148e-01
3.455800000000000000e+04 8.787878787878787845e-01
3.638700000000000000e+04 8.775510204081632404e-01
3.637700000000000000e+04 6.734693877551020114e-01
3.485500000000000000e+04 5.238095238095238360e-01
3.567000000000000000e+04 9.411764705882352811e-01
3.563400000000000000e+04 5.000000000000000000e-01
3.619300000000000000e+04 4.285714285714285476e-01
3.679900000000000000e+04 6.666666666666666297e-01
3.668400000000000000e+04 1.935483870967741882e-01
3.569500000000000000e+04 1.666666666666666574e-01
3.668900000000000000e+04 3.548387096774193727e-01
3.686100000000000000e+04 1.126760563380281716e-01
3.650000000000000000e+04 6.783216783216783341e-01
3.584100000000000000e+04 1.515151515151515194e-01
3.564300000000000000e+04 5.714285714285713969e-01
3.457500000000000000e+04 8.181818181818182323e-01
3.660200000000000000e+04 3.253012048192771011e-01
3.476500000000000000e+04 7.241379310344827624e-01
3.517600000000000000e+04 7.656250000000000000e-01
3.517300000000000000e+04 7.421875000000000000e-01
3.627800000000000000e+04 9.499999999999999556e-01
3.658200000000000000e+04 8.433734939759035543e-02
3.580300000000000000e+04 7.142857142857143016e-01
3.609300000000000000e+04 3.750000000000000000e-01
3.638500000000000000e+04 8.367346938775510612e-01
3.618900000000000000e+04 5.000000000000000000e-01
3.619400000000000000e+04 5.714285714285713969e-01
3.517700000000000000e+04 7.734375000000000000e-01
3.686400000000000000e+04 1.549295774647887203e-01
3.689000000000000000e+04 5.211267605633802535e-01
3.679600000000000000e+04 9.583333333333333703e-01
3.622400000000000000e+04 3.333333333333333148e-01
3.690700000000000000e+04 7.605633802816901268e-01
3.486700000000000000e+04 2.702702702702702853e-02
3.611600000000000000e+04 2.500000000000000000e-01
3.519700000000000000e+04 9.296875000000000000e-01
3.519100000000000000e+04 8.828125000000000000e-01
3.671500000000000000e+04 1.250000000000000000e-01
3.706400000000000000e+04 6.101694915254237683e-01
3.476100000000000000e+04 5.862068965517240882e-01
3.637300000000000000e+04 5.918367346938775420e-01
3.482700000000000000e+04 9.629629629629629095e-01
3.566700000000000000e+04 7.647058823529411242e-01
3.618500000000000000e+04 7.857142857142856984e-01
3.589900000000000000e+04 8.285714285714286254e-01
3.651500000000000000e+04 7.832167832167832300e-01
3.564200000000000000e+04 4.285714285714285476e-01
3.535000000000000000e+04 8.399999999999999689e-01
3.456300000000000000e+04 6.666666666666666297e-01
3.468000000000000000e+04 4.000000000000000222e-01
3.691100000000000000e+04 8.169014084507042472e-01
3.655300000000000000e+04 9.090909090909091161e-02
3.589700000000000000e+04 7.714285714285714635e-01
3.611400000000000000e+04 5.000000000000000000e-01
3.534400000000000000e+04 5.999999999999999778e-01
3.569000000000000000e+04 4.285714285714285476e-01
3.694600000000000000e+04 8.181818181818182323e-01
3.534900000000000000e+04 8.000000000000000444e-01
3.621700000000000000e+04 6.666666666666666297e-01
3.481900000000000000e+04 6.666666666666666297e-01
3.697700000000000000e+04 7.894736842105263275e-01
3.689400000000000000e+04 5.774647887323943740e-01
3.660800000000000000e+04 3.975903614457831359e-01
3.628000000000000000e+04 5.000000000000000000e-01
3.536600000000000000e+04 3.142857142857142794e-01
3.543600000000000000e+04 7.254901960784313486e-01
3.482500000000000000e+04 8.888888888888888395e-01
3.579800000000000000e+04 3.571428571428571508e-01
3.697300000000000000e+04 6.842105263157894912e-01
3.704400000000000000e+04 2.711864406779661008e-01
3.461100000000000000e+04 9.565217391304348116e-01
3.614300000000000000e+04 1.600000000000000033e-01
3.684200000000000000e+04 7.391304347826086474e-01
3.629500000000000000e+04 4.736842105263157632e-01
3.623700000000000000e+04 3.333333333333333148e-01
3.493300000000000000e+04 6.666666666666666297e-01
3.684900000000000000e+04 8.913043478260869179e-01
3.622200000000000000e+04 7.142857142857143016e-01
3.688100000000000000e+04 3.943661971830985657e-01
3.541000000000000000e+04 2.156862745098039325e-01
3.693300000000000000e+04 1.666666666666666574e-01
3.632100000000000000e+04 2.352941176470588203e-01
3.580900000000000000e+04 2.000000000000000111e-01
3.535100000000000000e+04 8.800000000000000044e-01
3.581700000000000000e+04 7.500000000000000000e-01
3.694400000000000000e+04 6.363636363636363535e-01
3.577100000000000000e+04 8.571428571428570953e-01
3.587600000000000000e+04 1.714285714285714302e-01
3.474800000000000000e+04 1.379310344827586188e-01
3.655500000000000000e+04 1.818181818181818232e-01
3.487300000000000000e+04 1.891891891891891997e-01
3.701600000000000000e+04 8.888888888888888395e-01
3.639400000000000000e+04 4.000000000000000222e-01
3.488600000000000000e+04 5.405405405405405705e-01
3.666600000000000000e+04 3.529411764705882582e-01
3.710600000000000000e+04 3.333333333333333148e-01
3.670300000000000000e+04 8.064516129032257563e-01
3.664400000000000000e+04 8.313253012048192891e-01
3.543400000000000000e+04 6.862745098039215730e-01
3.489300000000000000e+04 7.297297297297297147e-01
3.685600000000000000e+04 4.225352112676056260e-02
3.659500000000000000e+04 2.409638554216867457e-01
3.587300000000000000e+04 8.571428571428571508e-02
3.615800000000000000e+04 7.600000000000000089e-01
3.661900000000000000e+04 5.301204819277108848e-01
3.631600000000000000e+04 8.000000000000000444e-01
3.650500000000000000e+04 7.132867132867133364e-01
3.457700000000000000e+04 7.142857142857142461e-02
3.682100000000000000e+04 2.826086956521738913e-01
3.582600000000000000e+04 2.000000000000000111e-01
3.518100000000000000e+04 8.046875000000000000e-01
3.631200000000000000e+04 4.000000000000000222e-01
3.621600000000000000e+04 3.333333333333333148e-01
3.708200000000000000e+04 9.152542372881355970e-01
3.707100000000000000e+04 7.288135593220338437e-01
3.675800000000000000e+04 1.666666666666666574e-01
3.579300000000000000e+04 6.666666666666666297e-01
3.578900000000000000e+04 2.500000000000000000e-01
3.480800000000000000e+04 2.592592592592592449e-01
3.546600000000000000e+04 7.500000000000000000e-01
3.577800000000000000e+04 8.000000000000000444e-01
3.588200000000000000e+04 3.428571428571428603e-01
3.544100000000000000e+04 8.235294117647058432e-01
3.652800000000000000e+04 8.741258741258741694e-01
3.683700000000000000e+04 6.304347826086956763e-01
3.701300000000000000e+04 5.555555555555555802e-01
3.639900000000000000e+04 5.999999999999999778e-01
3.567400000000000000e+04 1.666666666666666574e-01
3.619800000000000000e+04 6.666666666666666297e-01
3.565400000000000000e+04 8.000000000000000444e-01
3.569800000000000000e+04 6.666666666666666297e-01
3.545000000000000000e+04 3.333333333333333148e-01
3.535300000000000000e+04 9.599999999999999645e-01
3.489400000000000000e+04 7.567567567567567988e-01
3.706800000000000000e+04 6.779661016949152241e-01
3.578800000000000000e+04 7.500000000000000000e-01
3.712100000000000000e+04 3.870967741935483764e-01
3.687600000000000000e+04 3.239436619718309984e-01
3.455700000000000000e+04 8.484848484848485084e-01
3.712600000000000000e+04 5.483870967741935054e-01
3.652000000000000000e+04 8.181818181818182323e-01
3.671900000000000000e+04 6.250000000000000000e-01
3.477800000000000000e+04 1.250000000000000000e-01
3.516600000000000000e+04 6.875000000000000000e-01
3.493000000000000000e+04 1.666666666666666574e-01
3.476900000000000000e+04 8.620689655172413257e-01
3.482100000000000000e+04 7.407407407407406996e-01
3.628900000000000000e+04 1.578947368421052544e-01
3.468600000000000000e+04 3.333333333333333148e-01
3.582000000000000000e+04 7.500000000000000000e-01
3.477300000000000000e+04 1.666666666666666574e-01
3.474600000000000000e+04 6.896551724137930939e-02
3.470900000000000000e+04 8.333333333333333703e-01
3.467400000000000000e+04 1.666666666666666574e-01
3.704900000000000000e+04 3.559322033898305038e-01
3.582100000000000000e+04 1.666666666666666574e-01
3.487100000000000000e+04 1.351351351351351426e-01
3.485800000000000000e+04 6.666666666666666297e-01
3.671200000000000000e+04 5.714285714285713969e-01
3.713600000000000000e+04 8.709677419354838745e-01
3.708300000000000000e+04 9.322033898305084332e-01
3.670600000000000000e+04 9.032258064516128782e-01
3.636600000000000000e+04 4.489795918367346927e-01
3.458400000000000000e+04 5.714285714285713969e-01
3.588100000000000000e+04 3.142857142857142794e-01
3.486900000000000000e+04 8.108108108108108558e-02
3.482300000000000000e+04 8.148148148148147696e-01
3.622500000000000000e+04 6.666666666666666297e-01
3.651700000000000000e+04 7.972027972027971865e-01
3.459600000000000000e+04 3.043478260869565410e-01
3.665500000000000000e+04 9.638554216867469826e-01
3.582400000000000000e+04 6.666666666666666297e-01
3.559800000000000000e+04 8.571428571428570953e-01
3.616100000000000000e+04 8.800000000000000044e-01
3.691200000000000000e+04 8.309859154929577496e-01
3.671700000000000000e+04 3.750000000000000000e-01
3.468800000000000000e+04 5.000000000000000000e-01
3.566500000000000000e+04 6.470588235294117974e-01
3.622600000000000000e+04 8.333333333333332871e-02
3.459500000000000000e+04 2.608695652173912971e-01
3.675400000000000000e+04 8.333333333333332871e-02
3.583100000000000000e+04 4.000000000000000222e-01
3.703300000000000000e+04 8.474576271186440302e-02
3.544700000000000000e+04 9.411764705882352811e-01
3.567200000000000000e+04 6.666666666666666297e-01
3.673400000000000000e+04 4.333333333333333481e-01
3.458900000000000000e+04 9.285714285714286031e-01
3.610100000000000000e+04 6.250000000000000000e-01
3.685900000000000000e+04 8.450704225352112520e-02
3.681100000000000000e+04 6.521739130434782428e-02
3.668200000000000000e+04 1.290322580645161255e-01
3.461500000000000000e+04 8.000000000000000444e-01
3.696200000000000000e+04 3.947368421052631637e-01
3.518800000000000000e+04 8.593750000000000000e-01
3.476000000000000000e+04 5.517241379310344751e-01
3.664800000000000000e+04 8.795180722891565717e-01
3.480600000000000000e+04 1.851851851851851749e-01
3.633900000000000000e+04 5.000000000000000000e-01
3.586400000000000000e+04 8.484848484848485084e-01
3.483300000000000000e+04 2.500000000000000000e-01
3.621300000000000000e+04 4.000000000000000222e-01
3.494000000000000000e+04 5.454545454545454142e-01
3.669700000000000000e+04 6.129032258064516236e-01
3.609000000000000000e+04 2.812500000000000000e-01
3.537300000000000000e+04 5.142857142857142350e-01
3.480100000000000000e+04 7.500000000000000000e-01
3.652700000000000000e+04 8.671328671328670801e-01
3.696000000000000000e+04 3.421052631578947456e-01
3.566300000000000000e+04 5.294117647058823595e-01
3.673700000000000000e+04 5.333333333333333259e-01
3.588400000000000000e+04 4.000000000000000222e-01
3.667900000000000000e+04 3.225806451612903136e-02
3.672000000000000000e+04 7.500000000000000000e-01
3.698100000000000000e+04 8.947368421052631637e-01
3.473200000000000000e+04 3.333333333333333148e-01
3.651300000000000000e+04 7.692307692307692735e-01
3.519200000000000000e+04 8.906250000000000000e-01
3.667300000000000000e+04 7.647058823529411242e-01
3.471900000000000000e+04 4.444444444444444198e-01
3.686700000000000000e+04 1.971830985915492829e-01
3.536500000000000000e+04 2.857142857142856984e-01
3.662600000000000000e+04 6.144578313253011848e-01
3.584000000000000000e+04 1.212121212121212155e-01
3.626400000000000000e+04 2.500000000000000000e-01
3.485000000000000000e+04 2.857142857142856984e-01
3.698200000000000000e+04 9.210526315789473450e-01
3.520400000000000000e+04 9.843750000000000000e-01
3.538900000000000000e+04 9.714285714285714191e-01
3.564600000000000000e+04 2.500000000000000000e-01
3.639500000000000000e+04 5.999999999999999778e-01
3.565800000000000000e+04 2.352941176470588203e-01
3.679200000000000000e+04 8.750000000000000000e-01
3.627500000000000000e+04 8.000000000000000444e-01
3.544300000000000000e+04 8.627450980392157298e-01
3.626000000000000000e+04 5.000000000000000278e-02
3.617200000000000000e+04 7.500000000000000000e-01
3.482200000000000000e+04 7.777777777777777901e-01
3.586500000000000000e+04 8.787878787878787845e-01
3.711800000000000000e+04 2.903225806451613100e-01
3.700600000000000000e+04 8.800000000000000044e-01
3.491800000000000000e+04 3.750000000000000000e-01
3.466500000000000000e+04 9.722222222222222099e-01
3.457600000000000000e+04 9.090909090909090606e-01
3.661100000000000000e+04 4.337349397590361533e-01
3.712900000000000000e+04 6.451612903225806273e-01
3.492500000000000000e+04 7.500000000000000000e-01
3.700700000000000000e+04 9.200000000000000400e-01
3.576500000000000000e+04 5.000000000000000000e-01
3.488300000000000000e+04 4.594594594594594850e-01
3.638400000000000000e+04 8.163265306122449161e-01
3.635300000000000000e+04 1.836734693877551117e-01
3.470600000000000000e+04 3.333333333333333148e-01
3.656500000000000000e+04 6.363636363636363535e-01
3.709100000000000000e+04 4.000000000000000222e-01
3.692000000000000000e+04 9.436619718309858795e-01
3.707700000000000000e+04 8.305084745762711940e-01
3.492600000000000000e+04 2.000000000000000111e-01
3.585800000000000000e+04 6.666666666666666297e-01
3.687800000000000000e+04 3.521126760563380031e-01
3.460900000000000000e+04 8.695652173913043237e-01
3.692900000000000000e+04 5.000000000000000000e-01
3.536900000000000000e+04 4.000000000000000222e-01
3.481500000000000000e+04 5.185185185185184897e-01
3.672600000000000000e+04 1.666666666666666574e-01
3.566100000000000000e+04 4.117647058823529216e-01
3.543000000000000000e+04 6.078431372549019107e-01
3.615900000000000000e+04 8.000000000000000444e-01
3.638100000000000000e+04 7.551020408163264808e-01
3.627900000000000000e+04 2.500000000000000000e-01
3.563700000000000000e+04 2.500000000000000000e-01
3.473900000000000000e+04 5.000000000000000000e-01
3.585300000000000000e+04 5.151515151515151381e-01
3.710400000000000000e+04 7.777777777777777901e-01
3.565200000000000000e+04 4.000000000000000222e-01
3.706300000000000000e+04 5.932203389830508211e-01
3.456600000000000000e+04 6.666666666666666297e-01
3.690500000000000000e+04 7.323943661971831220e-01
3.486500000000000000e+04 3.333333333333333148e-01
3.665900000000000000e+04 5.000000000000000000e-01
3.713200000000000000e+04 7.419354838709677491e-01
3.650600000000000000e+04 7.202797202797203147e-01
3.707600000000000000e+04 8.135593220338983578e-01
3.542000000000000000e+04 4.117647058823529216e-01
3.582500000000000000e+04 8.333333333333333703e-01
3.455500000000000000e+04 7.878787878787878451e-01
3.698500000000000000e+04 4.000000000000000083e-02
3.657600000000000000e+04 1.204819277108433798e-02
3.639200000000000000e+04 9.795918367346938549e-01
3.543100000000000000e+04 6.274509803921568540e-01
3.471300000000000000e+04 4.000000000000000222e-01
3.620200000000000000e+04 3.333333333333333148e-01
3.542800000000000000e+04 5.686274509803921351e-01
3.634900000000000000e+04 1.020408163265306145e-01
3.583700000000000000e+04 3.030303030303030387e-02
3.565700000000000000e+04 1.764705882352941291e-01
3.667500000000000000e+04 8.823529411764705621e-01
3.576100000000000000e+04 8.260869565217391353e-01
3.469500000000000000e+04 3.333333333333333148e-01
3.488500000000000000e+04 5.135135135135134865e-01
3.581100000000000000e+04 5.999999999999999778e-01
3.488800000000000000e+04 5.945945945945946276e-01
3.617800000000000000e+04 2.857142857142856984e-01
3.623900000000000000e+04 9.090909090909091161e-02
3.686300000000000000e+04 1.408450704225352179e-01
3.462000000000000000e+04 3.125000000000000000e-01
3.630100000000000000e+04 7.894736842105263275e-01
3.560500000000000000e+04 4.000000000000000222e-01
3.537100000000000000e+04 4.571428571428571286e-01
3.714000000000000000e+04 3.333333333333333148e-01
3.611300000000000000e+04 2.500000000000000000e-01
3.618600000000000000e+04 8.571428571428570953e-01
3.628500000000000000e+04 5.000000000000000000e-01
3.653400000000000000e+04 9.160839160839160389e-01
3.485900000000000000e+04 7.142857142857143016e-01
3.567700000000000000e+04 4.166666666666666852e-01
3.652200000000000000e+04 8.321678321678321888e-01
3.461400000000000000e+04 5.999999999999999778e-01
3.570600000000000000e+04 8.750000000000000000e-01
3.484500000000000000e+04 4.761904761904761640e-02
3.654100000000000000e+04 9.650349650349649977e-01
3.704200000000000000e+04 2.372881355932203451e-01
3.581400000000000000e+04 6.666666666666666297e-01
3.589100000000000000e+04 5.999999999999999778e-01
3.639100000000000000e+04 9.591836734693877098e-01
3.545100000000000000e+04 6.666666666666666297e-01
3.706100000000000000e+04 5.593220338983050377e-01
3.661200000000000000e+04 4.457831325301204739e-01
3.469900000000000000e+04 3.333333333333333148e-01
3.488400000000000000e+04 4.864864864864865135e-01
3.570300000000000000e+04 5.000000000000000000e-01
3.536100000000000000e+04 1.714285714285714302e-01
3.628400000000000000e+04 2.500000000000000000e-01
3.608800000000000000e+04 2.187500000000000000e-01
3.576400000000000000e+04 9.565217391304348116e-01
3.699000000000000000e+04 2.399999999999999911e-01
3.535900000000000000e+04 1.142857142857142821e-01
3.664600000000000000e+04 8.554216867469879304e-01
3.586900000000000000e+04 3.333333333333333148e-01
3.461800000000000000e+04 1.875000000000000000e-01
3.659600000000000000e+04 2.530120481927710663e-01
3.584800000000000000e+04 3.636363636363636465e-01
3.692300000000000000e+04 9.859154929577464976e-01
3.678000000000000000e+04 6.250000000000000000e-01
3.663500000000000000e+04 7.228915662650602370e-01
3.675500000000000000e+04 1.041666666666666713e-01
3.611900000000000000e+04 2.500000000000000000e-01
3.478800000000000000e+04 3.636363636363636465e-01
3.459800000000000000e+04 3.913043478260869734e-01
3.562900000000000000e+04 6.666666666666666297e-01
3.657900000000000000e+04 4.819277108433735191e-02
3.540000000000000000e+04 1.960784313725490169e-02
3.482000000000000000e+04 7.037037037037037202e-01
3.612800000000000000e+04 3.684210526315789269e-01
3.584300000000000000e+04 2.121212121212121271e-01
3.545700000000000000e+04 2.999999999999999889e-01
3.679500000000000000e+04 9.375000000000000000e-01
3.467800000000000000e+04 8.333333333333333703e-01
3.490300000000000000e+04 1.428571428571428492e-01
3.690300000000000000e+04 7.042253521126760063e-01
3.696800000000000000e+04 5.526315789473684736e-01
3.693500000000000000e+04 5.000000000000000000e-01
3.562000000000000000e+04 7.500000000000000000e-01
3.617600000000000000e+04 1.428571428571428492e-01
3.670500000000000000e+04 8.709677419354838745e-01
3.686500000000000000e+04 1.690140845070422504e-01
3.687100000000000000e+04 2.535211267605633756e-01
3.490800000000000000e+04 8.571428571428570953e-01
3.711300000000000000e+04 1.290322580645161255e-01
3.579900000000000000e+04 4.285714285714285476e-01
3.655600000000000000e+04 2.272727272727272652e-01
3.634700000000000000e+04 6.122448979591836593e-02
3.546500000000000000e+04 6.999999999999999556e-01
3.623100000000000000e+04 5.000000000000000000e-01
3.688600000000000000e+04 4.647887323943661886e-01
3.518400000000000000e+04 8.281250000000000000e-01
3.682300000000000000e+04 3.260869565217391353e-01
3.579500000000000000e+04 1.428571428571428492e-01
3.493900000000000000e+04 4.545454545454545303e-01
3.564500000000000000e+04 8.571428571428570953e-01
3.615600000000000000e+04 6.800000000000000488e-01
3.562800000000000000e+04 3.333333333333333148e-01
3.577600000000000000e+04 4.000000000000000222e-01
3.711600000000000000e+04 2.258064516129032195e-01
3.671300000000000000e+04 7.142857142857143016e-01
3.695900000000000000e+04 3.157894736842105088e-01
3.460000000000000000e+04 4.782608695652174058e-01
3.585600000000000000e+04 6.060606060606060774e-01
3.676400000000000000e+04 2.916666666666666852e-01
3.588700000000000000e+04 4.857142857142857095e-01
3.684700000000000000e+04 8.478260869565217295e-01
3.610000000000000000e+04 5.937500000000000000e-01
3.662900000000000000e+04 6.506024096385542022e-01
3.659100000000000000e+04 1.927710843373494076e-01
3.623400000000000000e+04 7.500000000000000000e-01
3.632600000000000000e+04 5.294117647058823595e-01
3.656000000000000000e+04 4.090909090909091161e-01
3.625400000000000000e+04 5.000000000000000000e-01
3.541700000000000000e+04 3.529411764705882582e-01
3.614700000000000000e+04 3.200000000000000067e-01
3.638900000000000000e+04 9.183673469387755306e-01
3.538500000000000000e+04 8.571428571428570953e-01
3.708100000000000000e+04 8.983050847457627608e-01
3.583800000000000000e+04 6.060606060606060774e-02
3.688500000000000000e+04 4.507042253521126862e-01
3.518600000000000000e+04 8.437500000000000000e-01
3.701800000000000000e+04 2.500000000000000000e-01
3.640100000000000000e+04 2.500000000000000000e-01
3.563000000000000000e+04 3.333333333333333148e-01
3.713500000000000000e+04 8.387096774193548709e-01
3.666800000000000000e+04 4.705882352941176405e-01
3.663100000000000000e+04 6.746987951807228434e-01
3.695400000000000000e+04 1.842105263157894635e-01
3.466400000000000000e+04 9.444444444444444198e-01
3.673800000000000000e+04 5.666666666666666519e-01
3.710700000000000000e+04 6.666666666666666297e-01
3.692500000000000000e+04 6.666666666666666297e-01
3.666500000000000000e+04 2.941176470588235392e-01
3.672800000000000000e+04 2.333333333333333370e-01
3.589300000000000000e+04 6.571428571428571397e-01
3.676200000000000000e+04 2.500000000000000000e-01
3.657300000000000000e+04 2.500000000000000000e-01
3.656900000000000000e+04 8.181818181818182323e-01
3.633200000000000000e+04 8.823529411764705621e-01
3.537600000000000000e+04 5.999999999999999778e-01
3.639600000000000000e+04 8.000000000000000444e-01
3.493600000000000000e+04 1.818181818181818232e-01
3.695600000000000000e+04 2.368421052631578816e-01
3.670700000000000000e+04 9.354838709677418818e-01
3.663600000000000000e+04 7.349397590361446131e-01
3.469700000000000000e+04 6.666666666666666297e-01
3.579400000000000000e+04 7.142857142857142461e-02
3.459300000000000000e+04 1.739130434782608647e-01
3.475700000000000000e+04 4.482758620689655249e-01
3.609500000000000000e+04 4.375000000000000000e-01
3.477700000000000000e+04 8.333333333333333703e-01
3.467000000000000000e+04 7.500000000000000000e-01
3.490000000000000000e+04 9.189189189189189699e-01
3.487900000000000000e+04 3.513513513513513709e-01
3.666200000000000000e+04 1.176470588235294101e-01
3.569200000000000000e+04 7.142857142857143016e-01
3.677400000000000000e+04 5.000000000000000000e-01
3.546200000000000000e+04 5.500000000000000444e-01
3.475500000000000000e+04 3.793103448275861878e-01
3.687300000000000000e+04 2.816901408450704358e-01
3.517200000000000000e+04 7.343750000000000000e-01
3.650200000000000000e+04 6.923076923076922906e-01
3.577300000000000000e+04 5.000000000000000000e-01
3.560700000000000000e+04 8.000000000000000444e-01
3.639800000000000000e+04 4.000000000000000222e-01
3.545300000000000000e+04 1.000000000000000056e-01
3.637000000000000000e+04 5.306122448979592177e-01
3.462300000000000000e+04 5.000000000000000000e-01
3.650800000000000000e+04 7.342657342657342712e-01
3.625900000000000000e+04 6.666666666666666297e-01
3.589500000000000000e+04 7.142857142857143016e-01
3.492800000000000000e+04 5.999999999999999778e-01
3.663700000000000000e+04 7.469879518072288782e-01
3.617900000000000000e+04 3.571428571428571508e-01
3.570200000000000000e+04 3.750000000000000000e-01
3.680600000000000000e+04 7.500000000000000000e-01
3.487200000000000000e+04 1.621621621621621712e-01
3.680000000000000000e+04 2.000000000000000111e-01
3.477200000000000000e+04 9.655172413793103869e-01
3.703100000000000000e+04 5.084745762711864736e-02
3.562300000000000000e+04 1.666666666666666574e-01
3.561400000000000000e+04 2.500000000000000000e-01
3.663300000000000000e+04 6.987951807228915957e-01
3.568100000000000000e+04 7.500000000000000000e-01
3.516900000000000000e+04 7.109375000000000000e-01
3.680700000000000000e+04 3.333333333333333148e-01
3.621200000000000000e+04 2.000000000000000111e-01
3.684000000000000000e+04 6.956521739130434590e-01
3.653200000000000000e+04 9.020979020979020824e-01
3.629900000000000000e+04 6.842105263157894912e-01
3.636400000000000000e+04 4.081632653061224580e-01
3.490700000000000000e+04 7.142857142857143016e-01
3.563500000000000000e+04 7.500000000000000000e-01
3.610800000000000000e+04 8.437500000000000000e-01
3.625100000000000000e+04 1.250000000000000000e-01
3.489500000000000000e+04 7.837837837837837718e-01
3.653700000000000000e+04 9.370629370629370847e-01
3.672100000000000000e+04 8.750000000000000000e-01
3.466600000000000000e+04 3.333333333333333148e-01
3.615200000000000000e+04 5.200000000000000178e-01
3.478300000000000000e+04 7.500000000000000000e-01
3.539200000000000000e+04 7.500000000000000000e-01
3.471700000000000000e+04 2.222222222222222099e-01
3.491600000000000000e+04 1.250000000000000000e-01
3.473500000000000000e+04 1.666666666666666574e-01
3.692400000000000000e+04 3.333333333333333148e-01
3.482600000000000000e+04 9.259259259259259300e-01
3.694900000000000000e+04 5.263157894736841813e-02
3.541100000000000000e+04 2.352941176470588203e-01
3.471600000000000000e+04 1.111111111111111049e-01
3.660900000000000000e+04 4.096385542168674565e-01
3.704800000000000000e+04 3.389830508474576121e-01
3.687500000000000000e+04 3.098591549295774406e-01
3.690600000000000000e+04 7.464788732394366244e-01
3.457100000000000000e+04 4.545454545454545303e-01
3.490900000000000000e+04 1.666666666666666574e-01
3.471800000000000000e+04 3.333333333333333148e-01
3.487500000000000000e+04 2.432432432432432567e-01
3.630000000000000000e+04 7.368421052631578538e-01
3.629300000000000000e+04 3.684210526315789269e-01
3.696900000000000000e+04 5.789473684210526550e-01
3.486100000000000000e+04 8.095238095238095344e-01
3.616800000000000000e+04 4.166666666666666852e-01
3.651200000000000000e+04 7.622377622377621842e-01
3.542600000000000000e+04 5.294117647058823595e-01
3.538100000000000000e+04 7.428571428571428825e-01
3.458600000000000000e+04 7.142857142857143016e-01
3.709300000000000000e+04 8.000000000000000444e-01
3.539400000000000000e+04 3.333333333333333148e-01
3.481700000000000000e+04 5.925925925925925597e-01
3.691800000000000000e+04 9.154929577464788748e-01
3.667800000000000000e+04 6.666666666666666297e-01
3.568000000000000000e+04 6.666666666666666297e-01
3.475200000000000000e+04 2.758620689655172376e-01
3.474300000000000000e+04 8.333333333333333703e-01
3.669600000000000000e+04 5.806451612903226200e-01
3.485100000000000000e+04 3.333333333333333148e-01
3.541400000000000000e+04 2.941176470588235392e-01
3.675000000000000000e+04 9.666666666666666741e-01
3.460300000000000000e+04 6.086956521739130821e-01
3.655000000000000000e+04 7.142857142857143016e-01
3.712000000000000000e+04 3.548387096774193727e-01
3.560100000000000000e+04 5.000000000000000000e-01
3.456400000000000000e+04 5.000000000000000000e-01
3.687900000000000000e+04 3.661971830985915610e-01
3.475800000000000000e+04 4.827586206896551935e-01
3.474100000000000000e+04 6.666666666666666297e-01
3.632200000000000000e+04 2.941176470588235392e-01
3.703500000000000000e+04 1.186440677966101725e-01
3.651400000000000000e+04 7.762237762237762517e-01
3.479800000000000000e+04 6.666666666666666297e-01
3.685700000000000000e+04 5.633802816901408578e-02
3.587100000000000000e+04 2.857142857142857054e-02
3.709200000000000000e+04 5.999999999999999778e-01
3.652300000000000000e+04 8.391608391608391671e-01
3.681600000000000000e+04 1.739130434782608647e-01
3.461900000000000000e+04 2.500000000000000000e-01
3.590400000000000000e+04 9.714285714285714191e-01
3.682400000000000000e+04 3.478260869565217295e-01
3.608900000000000000e+04 2.500000000000000000e-01
3.714100000000000000e+04 6.666666666666666297e-01
3.704300000000000000e+04 2.542372881355932090e-01
3.477000000000000000e+04 8.965517241379310498e-01
3.680400000000000000e+04 2.500000000000000000e-01
3.516400000000000000e+04 6.718750000000000000e-01
3.629600000000000000e+04 5.263157894736841813e-01
3.706900000000000000e+04 6.949152542372881713e-01
3.640200000000000000e+04 5.000000000000000000e-01
3.538400000000000000e+04 8.285714285714286254e-01
3.706000000000000000e+04 5.423728813559322015e-01
3.569300000000000000e+04 8.571428571428570953e-01
3.666900000000000000e+04 5.294117647058823595e-01
3.667000000000000000e+04 5.882352941176470784e-01
3.585000000000000000e+04 4.242424242424242542e-01
3.586200000000000000e+04 7.878787878787878451e-01
3.456700000000000000e+04 9.090909090909091161e-02
3.685400000000000000e+04 1.408450704225352144e-02
3.541600000000000000e+04 3.333333333333333148e-01
3.678800000000000000e+04 7.916666666666666297e-01
3.472000000000000000e+04 5.555555555555555802e-01
3.577700000000000000e+04 5.999999999999999778e-01
3.590000000000000000e+04 8.571428571428570953e-01
3.542100000000000000e+04 4.313725490196078649e-01
3.517900000000000000e+04 7.890625000000000000e-01
3.676800000000000000e+04 3.750000000000000000e-01
3.667600000000000000e+04 9.411764705882352811e-01
3.620100000000000000e+04 2.500000000000000000e-01
3.474500000000000000e+04 3.448275862068965469e-02
3.680900000000000000e+04 2.173913043478260809e-02
3.492200000000000000e+04 8.750000000000000000e-01
3.576700000000000000e+04 2.857142857142856984e-01
3.709000000000000000e+04 2.000000000000000111e-01
3.675300000000000000e+04 6.250000000000000000e-02
3.616300000000000000e+04 9.599999999999999645e-01
3.477100000000000000e+04 9.310344827586206629e-01
3.628600000000000000e+04 7.500000000000000000e-01
3.669300000000000000e+04 4.838709677419354982e-01
3.639300000000000000e+04 2.000000000000000111e-01
3.476800000000000000e+04 8.275862068965517127e-01
3.697200000000000000e+04 6.578947368421053099e-01
3.652600000000000000e+04 8.601398601398601018e-01
3.467700000000000000e+04 6.666666666666666297e-01
3.482800000000000000e+04 2.500000000000000000e-01
3.561500000000000000e+04 3.333333333333333148e-01
3.688800000000000000e+04 4.929577464788732488e-01
3.541500000000000000e+04 3.137254901960784270e-01
3.485700000000000000e+04 6.190476190476190688e-01
3.672700000000000000e+04 2.000000000000000111e-01
3.703900000000000000e+04 1.864406779661016977e-01
3.635200000000000000e+04 1.632653061224489666e-01
3.582300000000000000e+04 5.000000000000000000e-01
3.672500000000000000e+04 1.333333333333333315e-01
3.617700000000000000e+04 2.142857142857142738e-01
3.484800000000000000e+04 1.904761904761904656e-01
3.668600000000000000e+04 2.580645161290322509e-01
3.538300000000000000e+04 8.000000000000000444e-01
3.713400000000000000e+04 8.064516129032257563e-01
3.663900000000000000e+04 7.710843373493976305e-01
3.688200000000000000e+04 4.084507042253521236e-01
3.608600000000000000e+04 1.562500000000000000e-01
3.703800000000000000e+04 1.694915254237288060e-01
3.586100000000000000e+04 7.575757575757575690e-01
3.490100000000000000e+04 9.459459459459459429e-01
3.541800000000000000e+04 3.725490196078431460e-01
3.699300000000000000e+04 3.599999999999999867e-01
3.619900000000000000e+04 8.333333333333332871e-02
3.583600000000000000e+04 7.500000000000000000e-01
3.610500000000000000e+04 7.500000000000000000e-01
3.470300000000000000e+04 3.333333333333333148e-01
3.673300000000000000e+04 4.000000000000000222e-01
3.614100000000000000e+04 8.000000000000000167e-02
3.701900000000000000e+04 3.750000000000000000e-01
3.478200000000000000e+04 6.250000000000000000e-01
3.657400000000000000e+04 5.000000000000000000e-01
3.673600000000000000e+04 5.000000000000000000e-01
3.627400000000000000e+04 7.500000000000000000e-01
3.631500000000000000e+04 6.999999999999999556e-01
3.666700000000000000e+04 4.117647058823529216e-01
3.700200000000000000e+04 7.199999999999999734e-01
3.517400000000000000e+04 7.500000000000000000e-01
3.470500000000000000e+04 1.666666666666666574e-01
3.630300000000000000e+04 8.947368421052631637e-01
3.620400000000000000e+04 5.000000000000000000e-01
3.621800000000000000e+04 1.428571428571428492e-01
3.580200000000000000e+04 6.428571428571429047e-01
3.543800000000000000e+04 7.647058823529411242e-01
3.685100000000000000e+04 9.347826086956522174e-01
3.567100000000000000e+04 3.333333333333333148e-01
3.580500000000000000e+04 8.571428571428570953e-01
3.699600000000000000e+04 4.799999999999999822e-01
3.475900000000000000e+04 5.172413793103448620e-01
3.624000000000000000e+04 1.818181818181818232e-01
3.516700000000000000e+04 6.953125000000000000e-01
3.652400000000000000e+04 8.461538461538461453e-01
3.682500000000000000e+04 3.695652173913043237e-01
3.517100000000000000e+04 7.265625000000000000e-01
3.670100000000000000e+04 7.419354838709677491e-01
3.583900000000000000e+04 9.090909090909091161e-02
3.610400000000000000e+04 7.187500000000000000e-01
3.479200000000000000e+04 7.272727272727272929e-01
3.560400000000000000e+04 2.000000000000000111e-01
3.681300000000000000e+04 1.086956521739130405e-01
3.614500000000000000e+04 2.399999999999999911e-01
3.695100000000000000e+04 1.052631578947368363e-01
3.675100000000000000e+04 2.083333333333333218e-02
3.588500000000000000e+04 4.285714285714285476e-01
3.660700000000000000e+04 3.855421686746988152e-01
3.650300000000000000e+04 6.993006993006992689e-01
3.568700000000000000e+04 6.666666666666666297e-01
3.544600000000000000e+04 9.215686274509803377e-01
3.630400000000000000e+04 9.473684210526315264e-01
3.686000000000000000e+04 9.859154929577464144e-02
3.613900000000000000e+04 9.473684210526315264e-01
3.459200000000000000e+04 1.304347826086956486e-01
3.689200000000000000e+04 5.492957746478873693e-01
3.713100000000000000e+04 7.096774193548387455e-01
3.688400000000000000e+04 4.366197183098591283e-01
3.567900000000000000e+04 5.833333333333333703e-01
3.676900000000000000e+04 3.958333333333333148e-01
3.619600000000000000e+04 8.571428571428570953e-01
3.628100000000000000e+04 7.500000000000000000e-01
3.625600000000000000e+04 7.500000000000000000e-01
3.691500000000000000e+04 8.732394366197182567e-01
3.703200000000000000e+04 6.779661016949152519e-02
3.568800000000000000e+04 1.428571428571428492e-01
3.706700000000000000e+04 6.610169491525423879e-01
3.462600000000000000e+04 6.875000000000000000e-01
3.625800000000000000e+04 3.333333333333333148e-01
3.636100000000000000e+04 3.469387755102040782e-01
3.706500000000000000e+04 6.271186440677966045e-01
3.669800000000000000e+04 6.451612903225806273e-01
3.697500000000000000e+04 7.368421052631578538e-01
3.609800000000000000e+04 5.312500000000000000e-01
3.709800000000000000e+04 1.111111111111111049e-01
3.707300000000000000e+04 7.627118644067796271e-01
3.608700000000000000e+04 1.875000000000000000e-01
3.534700000000000000e+04 7.199999999999999734e-01
3.676000000000000000e+04 2.083333333333333426e-01
3.589800000000000000e+04 8.000000000000000444e-01
3.570500000000000000e+04 7.500000000000000000e-01
3.613100000000000000e+04 5.263157894736841813e-01
3.662300000000000000e+04 5.783132530120481674e-01
3.460500000000000000e+04 6.956521739130434590e-01
3.692800000000000000e+04 3.750000000000000000e-01
3.707900000000000000e+04 8.644067796610169774e-01
3.620000000000000000e+04 1.666666666666666574e-01
3.696400000000000000e+04 4.473684210526315819e-01
3.470200000000000000e+04 6.666666666666666297e-01
3.540200000000000000e+04 5.882352941176470507e-02
3.624900000000000000e+04 3.333333333333333148e-01
3.491300000000000000e+04 8.333333333333333703e-01
3.475400000000000000e+04 3.448275862068965747e-01
3.589600000000000000e+04 7.428571428571428825e-01
3.659300000000000000e+04 2.168674698795180766e-01
3.696300000000000000e+04 4.210526315789473450e-01
3.659800000000000000e+04 2.771084337349397630e-01
3.680800000000000000e+04 6.666666666666666297e-01
3.656100000000000000e+04 4.545454545454545303e-01
3.670200000000000000e+04 7.741935483870967527e-01
3.693900000000000000e+04 1.818181818181818232e-01
3.660400000000000000e+04 3.493975903614457978e-01
3.518200000000000000e+04 8.125000000000000000e-01
3.674900000000000000e+04 9.333333333333333481e-01
3.621900000000000000e+04 2.857142857142856984e-01
3.660300000000000000e+04 3.373493975903614217e-01
3.665100000000000000e+04 9.156626506024095891e-01
3.610600000000000000e+04 7.812500000000000000e-01
3.689300000000000000e+04 5.633802816901408717e-01
3.689600000000000000e+04 6.056338028169013787e-01
3.570400000000000000e+04 6.250000000000000000e-01
3.491700000000000000e+04 2.500000000000000000e-01
3.652100000000000000e+04 8.251748251748252105e-01
3.581200000000000000e+04 8.000000000000000444e-01
3.659000000000000000e+04 1.807228915662650592e-01
3.576900000000000000e+04 5.714285714285713969e-01
3.626100000000000000e+04 1.000000000000000056e-01
3.489200000000000000e+04 7.027027027027027417e-01
3.561800000000000000e+04 5.833333333333333703e-01
3.650900000000000000e+04 7.412587412587412494e-01
3.566600000000000000e+04 7.058823529411765163e-01
3.687200000000000000e+04 2.676056338028168780e-01
3.632900000000000000e+04 7.058823529411765163e-01
3.467300000000000000e+04 7.500000000000000000e-01
3.702600000000000000e+04 5.000000000000000000e-01
3.585900000000000000e+04 6.969696969696970168e-01
3.708800000000000000e+04 3.333333333333333148e-01
3.632800000000000000e+04 6.470588235294117974e-01
3.654300000000000000e+04 9.790209790209790652e-01
3.668100000000000000e+04 9.677419354838709409e-02
3.631700000000000000e+04 9.000000000000000222e-01
3.461600000000000000e+04 6.250000000000000000e-02
3.491500000000000000e+04 6.666666666666666297e-01
3.478900000000000000e+04 4.545454545454545303e-01
3.570100000000000000e+04 2.500000000000000000e-01
3.674700000000000000e+04 8.666666666666666963e-01
3.634400000000000000e+04 9.166666666666666297e-01
3.683300000000000000e+04 5.434782608695651884e-01
3.487800000000000000e+04 3.243243243243243423e-01
3.658900000000000000e+04 1.686746987951807109e-01
3.458300000000000000e+04 5.000000000000000000e-01
3.692700000000000000e+04 2.500000000000000000e-01
3.616600000000000000e+04 2.500000000000000000e-01
3.700000000000000000e+04 6.400000000000000133e-01
3.619000000000000000e+04 7.500000000000000000e-01
3.659700000000000000e+04 2.650602409638554424e-01
3.580600000000000000e+04 9.285714285714286031e-01
3.539600000000000000e+04 6.666666666666666297e-01
3.613600000000000000e+04 7.894736842105263275e-01
3.694800000000000000e+04 2.631578947368420907e-02
3.480000000000000000e+04 5.000000000000000000e-01
3.678700000000000000e+04 7.708333333333333703e-01
3.562100000000000000e+04 8.333333333333333703e-01
3.686800000000000000e+04 2.112676056338028130e-01
3.542300000000000000e+04 4.705882352941176405e-01
3.636900000000000000e+04 5.102040816326530726e-01
3.563800000000000000e+04 5.000000000000000000e-01
3.616700000000000000e+04 3.333333333333333148e-01
3.579100000000000000e+04 7.500000000000000000e-01
3.708600000000000000e+04 9.830508474576271638e-01
3.682800000000000000e+04 4.347826086956521618e-01
3.708400000000000000e+04 9.491525423728813804e-01
3.665400000000000000e+04 9.518072289156626065e-01
3.712400000000000000e+04 4.838709677419354982e-01
3.462900000000000000e+04 8.750000000000000000e-01
3.613300000000000000e+04 6.315789473684210176e-01
3.547000000000000000e+04 9.499999999999999556e-01
3.581000000000000000e+04 4.000000000000000222e-01
3.675600000000000000e+04 1.250000000000000000e-01
3.570000000000000000e+04 1.250000000000000000e-01
3.543700000000000000e+04 7.450980392156862919e-01
3.681000000000000000e+04 4.347826086956521618e-02
3.622900000000000000e+04 3.333333333333333148e-01
3.480900000000000000e+04 2.962962962962962798e-01
3.700100000000000000e+04 6.800000000000000488e-01
3.661400000000000000e+04 4.698795180722891707e-01
3.569600000000000000e+04 3.333333333333333148e-01
3.634000000000000000e+04 5.833333333333333703e-01
3.471200000000000000e+04 2.000000000000000111e-01
3.667100000000000000e+04 6.470588235294117974e-01
3.546700000000000000e+04 8.000000000000000444e-01
3.584600000000000000e+04 3.030303030303030387e-01
3.686900000000000000e+04 2.253521126760563431e-01
3.633300000000000000e+04 9.411764705882352811e-01
3.671600000000000000e+04 2.500000000000000000e-01
3.665000000000000000e+04 9.036144578313253239e-01
3.610200000000000000e+04 6.562500000000000000e-01
3.612100000000000000e+04 7.500000000000000000e-01
3.635800000000000000e+04 2.857142857142856984e-01
3.671400000000000000e+04 8.571428571428570953e-01
3.670400000000000000e+04 8.387096774193548709e-01
3.618800000000000000e+04 2.500000000000000000e-01
3.456100000000000000e+04 9.696969696969697239e-01
3.564100000000000000e+04 2.857142857142856984e-01
3.631400000000000000e+04 5.999999999999999778e-01
3.539300000000000000e+04 1.666666666666666574e-01
3.624100000000000000e+04 2.727272727272727071e-01
3.457000000000000000e+04 3.636363636363636465e-01
3.694200000000000000e+04 4.545454545454545303e-01
3.639700000000000000e+04 2.000000000000000111e-01
3.535400000000000000e+04 3.333333333333333148e-01
3.462800000000000000e+04 8.125000000000000000e-01
3.519300000000000000e+04 8.984375000000000000e-01
3.692100000000000000e+04 9.577464788732393819e-01
3.634300000000000000e+04 8.333333333333333703e-01
3.520200000000000000e+04 9.687500000000000000e-01
3.538200000000000000e+04 7.714285714285714635e-01
3.583500000000000000e+04 5.000000000000000000e-01
3.611000000000000000e+04 9.062500000000000000e-01
3.682700000000000000e+04 4.130434782608695676e-01
3.476200000000000000e+04 6.206896551724138122e-01
3.562400000000000000e+04 3.333333333333333148e-01
3.589400000000000000e+04 6.857142857142857206e-01
3.628300000000000000e+04 6.666666666666666297e-01
3.578500000000000000e+04 5.000000000000000000e-01
3.564000000000000000e+04 1.428571428571428492e-01
3.585700000000000000e+04 6.363636363636363535e-01
3.683000000000000000e+04 4.782608695652174058e-01
3.489000000000000000e+04 6.486486486486486847e-01
3.678500000000000000e+04 7.291666666666666297e-01
3.672400000000000000e+04 1.000000000000000056e-01
3.520100000000000000e+04 9.609375000000000000e-01
3.685800000000000000e+04 7.042253521126760896e-02
3.629200000000000000e+04 3.157894736842105088e-01
3.579000000000000000e+04 5.000000000000000000e-01
3.462200000000000000e+04 4.375000000000000000e-01
3.694500000000000000e+04 7.272727272727272929e-01
3.563200000000000000e+04 5.000000000000000000e-01
3.693400000000000000e+04 3.333333333333333148e-01
3.695500000000000000e+04 2.105263157894736725e-01
3.468400000000000000e+04 1.666666666666666574e-01
3.661700000000000000e+04 5.060240963855421326e-01
3.546900000000000000e+04 9.000000000000000222e-01
3.679700000000000000e+04 9.791666666666666297e-01
3.576800000000000000e+04 4.285714285714285476e-01
3.701000000000000000e+04 2.222222222222222099e-01
3.674000000000000000e+04 6.333333333333333037e-01
3.625500000000000000e+04 6.250000000000000000e-01
3.579600000000000000e+04 2.142857142857142738e-01
3.712700000000000000e+04 5.806451612903226200e-01
3.568500000000000000e+04 6.666666666666666297e-01
3.578300000000000000e+04 3.333333333333333148e-01
3.561300000000000000e+04 1.666666666666666574e-01
3.634600000000000000e+04 4.081632653061224164e-02
3.702100000000000000e+04 6.250000000000000000e-01
3.520000000000000000e+04 9.531250000000000000e-01
3.561600000000000000e+04 4.166666666666666852e-01
3.661300000000000000e+04 4.578313253012047945e-01
3.562700000000000000e+04 8.333333333333333703e-01
3.472900000000000000e+04 6.666666666666666297e-01
3.686200000000000000e+04 1.267605633802816878e-01
3.677700000000000000e+04 5.625000000000000000e-01
3.540700000000000000e+04 1.568627450980392135e-01
3.460100000000000000e+04 5.217391304347825942e-01
3.541200000000000000e+04 2.549019607843137081e-01
3.561200000000000000e+04 8.333333333333332871e-02
3.611800000000000000e+04 7.500000000000000000e-01
3.713300000000000000e+04 7.741935483870967527e-01
3.667200000000000000e+04 7.058823529411765163e-01
3.576300000000000000e+04 9.130434782608695121e-01
3.661000000000000000e+04 4.216867469879518326e-01
3.546100000000000000e+04 5.000000000000000000e-01
3.660600000000000000e+04 3.734939759036144391e-01
3.517500000000000000e+04 7.578125000000000000e-01
3.678900000000000000e+04 8.125000000000000000e-01
3.455600000000000000e+04 8.181818181818182323e-01
3.483700000000000000e+04 5.833333333333333703e-01
3.683200000000000000e+04 5.217391304347825942e-01
3.711000000000000000e+04 3.225806451612903136e-02
3.627000000000000000e+04 5.500000000000000444e-01
3.542900000000000000e+04 5.882352941176470784e-01
3.651800000000000000e+04 8.041958041958041647e-01
3.517800000000000000e+04 7.812500000000000000e-01
3.469800000000000000e+04 8.333333333333333703e-01
3.576200000000000000e+04 8.695652173913043237e-01
3.657500000000000000e+04 7.500000000000000000e-01
3.673200000000000000e+04 3.666666666666666408e-01
3.705100000000000000e+04 3.898305084745762872e-01
3.707500000000000000e+04 7.966101694915254106e-01
3.705200000000000000e+04 4.067796610169491789e-01
3.474200000000000000e+04 7.500000000000000000e-01
3.488000000000000000e+04 3.783783783783783994e-01
3.706600000000000000e+04 6.440677966101694407e-01
3.590300000000000000e+04 9.428571428571428381e-01
3.564900000000000000e+04 3.333333333333333148e-01
3.671800000000000000e+04 5.000000000000000000e-01
3.467100000000000000e+04 2.500000000000000000e-01
3.544900000000000000e+04 9.803921568627450567e-01
3.630800000000000000e+04 6.666666666666666297e-01
3.679000000000000000e+04 8.333333333333333703e-01
3.589000000000000000e+04 5.714285714285713969e-01
3.632000000000000000e+04 1.764705882352941291e-01
3.688900000000000000e+04 5.070422535211267512e-01
3.590100000000000000e+04 8.857142857142856762e-01
3.455900000000000000e+04 9.090909090909090606e-01
3.544500000000000000e+04 9.019607843137255054e-01
3.486400000000000000e+04 9.523809523809523281e-01
3.494400000000000000e+04 9.090909090909090606e-01
3.563900000000000000e+04 7.500000000000000000e-01
3.535700000000000000e+04 5.714285714285714107e-02
3.713900000000000000e+04 9.677419354838709964e-01
3.491200000000000000e+04 6.666666666666666297e-01
3.632300000000000000e+04 3.529411764705882582e-01
3.677600000000000000e+04 5.416666666666666297e-01
3.479300000000000000e+04 8.181818181818182323e-01
3.660500000000000000e+04 3.614457831325301185e-01
3.561700000000000000e+04 5.000000000000000000e-01
3.585400000000000000e+04 5.454545454545454142e-01
3.630600000000000000e+04 6.666666666666666297e-01
3.658000000000000000e+04 6.024096385542168641e-02
3.623000000000000000e+04 4.166666666666666852e-01
3.470800000000000000e+04 6.666666666666666297e-01
3.577500000000000000e+04 2.000000000000000111e-01
3.666300000000000000e+04 1.764705882352941291e-01
3.655800000000000000e+04 3.181818181818181768e-01
3.587400000000000000e+04 1.142857142857142821e-01
3.626500000000000000e+04 2.999999999999999889e-01
3.690100000000000000e+04 6.760563380281690016e-01
3.567600000000000000e+04 3.333333333333333148e-01
3.458700000000000000e+04 7.857142857142856984e-01
3.473300000000000000e+04 6.666666666666666297e-01
3.479900000000000000e+04 2.500000000000000000e-01
3.473600000000000000e+04 2.500000000000000000e-01
3.568300000000000000e+04 9.166666666666666297e-01
3.703400000000000000e+04 1.016949152542372947e-01
3.660000000000000000e+04 3.012048192771084598e-01
3.477500000000000000e+04 5.000000000000000000e-01
3.633700000000000000e+04 3.333333333333333148e-01
3.569900000000000000e+04 8.333333333333333703e-01
3.633500000000000000e+04 1.666666666666666574e-01
3.566800000000000000e+04 8.235294117647058432e-01
3.560900000000000000e+04 6.666666666666666297e-01
3.478100000000000000e+04 5.000000000000000000e-01
3.543900000000000000e+04 7.843137254901960675e-01
3.710000000000000000e+04 3.333333333333333148e-01
3.564800000000000000e+04 7.500000000000000000e-01
3.587900000000000000e+04 2.571428571428571175e-01
3.664300000000000000e+04 8.192771084337349130e-01
3.624700000000000000e+04 8.181818181818182323e-01
3.481300000000000000e+04 4.444444444444444198e-01
3.462100000000000000e+04 3.750000000000000000e-01
3.651100000000000000e+04 7.552447552447552059e-01
3.635900000000000000e+04 3.061224489795918435e-01
3.477600000000000000e+04 6.666666666666666297e-01
3.680100000000000000e+04 4.000000000000000222e-01
3.494300000000000000e+04 8.181818181818182323e-01
3.654600000000000000e+04 1.428571428571428492e-01
3.658500000000000000e+04 1.204819277108433728e-01
3.458500000000000000e+04 6.428571428571429047e-01
3.466800000000000000e+04 2.500000000000000000e-01
3.631100000000000000e+04 2.999999999999999889e-01
3.655700000000000000e+04 2.727272727272727071e-01
3.696700000000000000e+04 5.263157894736841813e-01
3.698800000000000000e+04 1.600000000000000033e-01
3.482400000000000000e+04 8.518518518518518601e-01
3.577200000000000000e+04 2.500000000000000000e-01
3.578700000000000000e+04 5.000000000000000000e-01
3.468700000000000000e+04 4.166666666666666852e-01
3.633400000000000000e+04 8.333333333333332871e-02
3.620600000000000000e+04 6.666666666666666297e-01
3.457900000000000000e+04 2.142857142857142738e-01
3.491100000000000000e+04 5.000000000000000000e-01
3.657800000000000000e+04 3.614457831325301046e-02
3.627600000000000000e+04 8.499999999999999778e-01
3.669500000000000000e+04 5.483870967741935054e-01
3.687000000000000000e+04 2.394366197183098455e-01
3.479600000000000000e+04 6.666666666666666297e-01
3.708900000000000000e+04 6.666666666666666297e-01
3.625200000000000000e+04 2.500000000000000000e-01
3.617300000000000000e+04 8.333333333333333703e-01
3.621500000000000000e+04 8.000000000000000444e-01
3.561000000000000000e+04 3.333333333333333148e-01
3.483800000000000000e+04 6.666666666666666297e-01
3.475000000000000000e+04 2.068965517241379282e-01
3.623800000000000000e+04 6.666666666666666297e-01
3.674200000000000000e+04 6.999999999999999556e-01
3.659900000000000000e+04 2.891566265060240837e-01
3.561900000000000000e+04 6.666666666666666297e-01
3.577400000000000000e+04 7.500000000000000000e-01
3.662100000000000000e+04 5.542168674698795261e-01
3.613000000000000000e+04 4.736842105263157632e-01
3.671100000000000000e+04 4.285714285714285476e-01
3.676600000000000000e+04 3.333333333333333148e-01
3.472800000000000000e+04 3.333333333333333148e-01
3.477900000000000000e+04 2.500000000000000000e-01
3.683100000000000000e+04 5.000000000000000000e-01
3.709900000000000000e+04 2.222222222222222099e-01
3.475600000000000000e+04 4.137931034482758563e-01
3.491900000000000000e+04 5.000000000000000000e-01
3.488100000000000000e+04 4.054054054054054279e-01
3.631900000000000000e+04 1.176470588235294101e-01
3.700500000000000000e+04 8.399999999999999689e-01
3.614000000000000000e+04 4.000000000000000083e-02
3.479100000000000000e+04 6.363636363636363535e-01
3.684500000000000000e+04 8.043478260869565410e-01
3.619700000000000000e+04 3.333333333333333148e-01
3.540500000000000000e+04 1.176470588235294101e-01
3.651000000000000000e+04 7.482517482517482277e-01
3.627300000000000000e+04 6.999999999999999556e-01
3.472100000000000000e+04 6.666666666666666297e-01
3.691400000000000000e+04 8.591549295774647543e-01
3.628700000000000000e+04 5.263157894736841813e-02
3.466200000000000000e+04 8.888888888888888395e-01
3.517000000000000000e+04 7.187500000000000000e-01
3.540900000000000000e+04 1.960784313725490169e-01
3.689500000000000000e+04 5.915492957746478764e-01
3.629400000000000000e+04 4.210526315789473450e-01
3.569400000000000000e+04 5.000000000000000000e-01
3.486200000000000000e+04 8.571428571428570953e-01
3.545200000000000000e+04 5.000000000000000278e-02
3.486600000000000000e+04 6.666666666666666297e-01
3.538000000000000000e+04 7.142857142857143016e-01
3.651900000000000000e+04 8.111888111888111430e-01
3.686600000000000000e+04 1.830985915492957805e-01
3.566900000000000000e+04 8.823529411764705621e-01
3.690000000000000000e+04 6.619718309859154992e-01
3.664700000000000000e+04 8.674698795180723065e-01
3.661600000000000000e+04 4.939759036144578119e-01
3.586000000000000000e+04 7.272727272727272929e-01
3.688000000000000000e+04 3.802816901408450634e-01
3.567300000000000000e+04 8.333333333333332871e-02
3.458800000000000000e+04 8.571428571428570953e-01
3.618100000000000000e+04 5.000000000000000000e-01
3.489900000000000000e+04 8.918918918918918859e-01
3.480300000000000000e+04 7.407407407407406996e-02
3.624500000000000000e+04 6.363636363636363535e-01
3.518000000000000000e+04 7.968750000000000000e-01
3.614400000000000000e+04 2.000000000000000111e-01
3.486000000000000000e+04 7.619047619047618625e-01
3.704700000000000000e+04 3.220338983050847204e-01
3.635000000000000000e+04 1.224489795918367319e-01
3.705600000000000000e+04 4.745762711864406902e-01
3.616900000000000000e+04 5.000000000000000000e-01
3.580400000000000000e+04 7.857142857142856984e-01
3.468900000000000000e+04 5.833333333333333703e-01
3.568900000000000000e+04 2.857142857142856984e-01
3.459100000000000000e+04 8.695652173913043237e-02
3.609200000000000000e+04 3.437500000000000000e-01
3.687400000000000000e+04 2.957746478873239382e-01
3.624200000000000000e+04 3.636363636363636465e-01
3.693100000000000000e+04 7.500000000000000000e-01
3.690900000000000000e+04 7.887323943661971315e-01
3.542200000000000000e+04 4.509803921568627527e-01
3.708500000000000000e+04 9.661016949152542166e-01
3.656800000000000000e+04 7.727272727272727071e-01
3.543300000000000000e+04 6.666666666666666297e-01
3.477400000000000000e+04 3.333333333333333148e-01
3.588600000000000000e+04 4.571428571428571286e-01
3.658100000000000000e+04 7.228915662650602092e-02
3.623300000000000000e+04 6.666666666666666297e-01
3.634100000000000000e+04 6.666666666666666297e-01
3.613700000000000000e+04 8.421052631578946901e-01
3.537200000000000000e+04 4.857142857142857095e-01
3.546800000000000000e+04 8.499999999999999778e-01
3.693000000000000000e+04 6.250000000000000000e-01
3.663800000000000000e+04 7.590361445783132543e-01
3.656400000000000000e+04 5.909090909090909394e-01
3.536200000000000000e+04 2.000000000000000111e-01
3.653800000000000000e+04 9.440559440559440629e-01
3.562600000000000000e+04 6.666666666666666297e-01
3.612700000000000000e+04 3.157894736842105088e-01
3.457200000000000000e+04 5.454545454545454142e-01
3.624400000000000000e+04 5.454545454545454142e-01
3.709400000000000000e+04 3.333333333333333148e-01
3.627100000000000000e+04 5.999999999999999778e-01
3.693800000000000000e+04 9.090909090909091161e-02
3.631300000000000000e+04 5.000000000000000000e-01
3.613800000000000000e+04 8.947368421052631637e-01
3.456900000000000000e+04 2.727272727272727071e-01
3.563300000000000000e+04 2.500000000000000000e-01
3.474900000000000000e+04 1.724137931034482873e-01
3.670900000000000000e+04 1.428571428571428492e-01
3.567500000000000000e+04 2.500000000000000000e-01
3.609700000000000000e+04 5.000000000000000000e-01
3.673000000000000000e+04 2.999999999999999889e-01
3.467600000000000000e+04 5.000000000000000000e-01
3.672900000000000000e+04 2.666666666666666630e-01
3.584700000000000000e+04 3.333333333333333148e-01
3.682600000000000000e+04 3.913043478260869734e-01
3.535600000000000000e+04 2.857142857142857054e-02
3.544800000000000000e+04 9.607843137254902244e-01
3.710200000000000000e+04 5.555555555555555802e-01
3.681800000000000000e+04 2.173913043478260809e-01
3.539700000000000000e+04 8.333333333333333703e-01
3.630500000000000000e+04 3.333333333333333148e-01
3.488700000000000000e+04 5.675675675675675436e-01
3.490500000000000000e+04 4.285714285714285476e-01
3.711400000000000000e+04 1.612903225806451568e-01
3.578600000000000000e+04 2.500000000000000000e-01
3.470100000000000000e+04 3.333333333333333148e-01
3.486300000000000000e+04 9.047619047619047672e-01
3.608500000000000000e+04 1.250000000000000000e-01
3.669100000000000000e+04 4.193548387096774355e-01
3.680200000000000000e+04 5.999999999999999778e-01
3.702400000000000000e+04 1.666666666666666574e-01
3.669200000000000000e+04 4.516129032258064391e-01
3.618300000000000000e+04 6.428571428571429047e-01
3.491400000000000000e+04 3.333333333333333148e-01
3.518500000000000000e+04 8.359375000000000000e-01
3.539100000000000000e+04 5.000000000000000000e-01
3.534500000000000000e+04 6.400000000000000133e-01
3.611500000000000000e+04 7.500000000000000000e-01
3.545900000000000000e+04 4.000000000000000222e-01
3.684100000000000000e+04 7.173913043478260532e-01
3.466900000000000000e+04 5.000000000000000000e-01
3.582800000000000000e+04 5.999999999999999778e-01
3.460200000000000000e+04 5.652173913043477826e-01
3.540800000000000000e+04 1.764705882352941291e-01
3.710500000000000000e+04 8.888888888888888395e-01
3.660100000000000000e+04 3.132530120481927804e-01
3.469400000000000000e+04 1.666666666666666574e-01
3.712500000000000000e+04 5.161290322580645018e-01
3.665700000000000000e+04 9.879518072289156239e-01
3.664000000000000000e+04 7.831325301204818956e-01
3.664100000000000000e+04 7.951807228915662717e-01
3.696500000000000000e+04 4.736842105263157632e-01
3.541300000000000000e+04 2.745098039215686514e-01
3.712300000000000000e+04 4.516129032258064391e-01
3.634500000000000000e+04 2.040816326530612082e-02
3.697800000000000000e+04 8.157894736842105088e-01
3.490600000000000000e+04 5.714285714285713969e-01
3.566400000000000000e+04 5.882352941176470784e-01
3.474700000000000000e+04 1.034482758620689641e-01
3.537500000000000000e+04 5.714285714285713969e-01
3.616200000000000000e+04 9.200000000000000400e-01
3.711700000000000000e+04 2.580645161290322509e-01
3.695300000000000000e+04 1.578947368421052544e-01
3.683500000000000000e+04 5.869565217391304879e-01
3.670000000000000000e+04 7.096774193548387455e-01
3.620800000000000000e+04 8.333333333333333703e-01
3.684400000000000000e+04 7.826086956521739468e-01
3.679800000000000000e+04 3.333333333333333148e-01
3.560200000000000000e+04 6.666666666666666297e-01
3.472400000000000000e+04 3.333333333333333148e-01
3.711200000000000000e+04 9.677419354838709409e-02
3.674600000000000000e+04 8.333333333333333703e-01
3.653500000000000000e+04 9.230769230769231282e-01
3.700900000000000000e+04 1.111111111111111049e-01
3.626300000000000000e+04 2.000000000000000111e-01
3.677800000000000000e+04 5.833333333333333703e-01
3.565900000000000000e+04 2.941176470588235392e-01
3.542400000000000000e+04 4.901960784313725283e-01
3.583000000000000000e+04 2.000000000000000111e-01
3.613500000000000000e+04 7.368421052631578538e-01
3.520500000000000000e+04 9.921875000000000000e-01
3.540300000000000000e+04 7.843137254901960675e-02
3.583400000000000000e+04 2.500000000000000000e-01
3.539000000000000000e+04 2.500000000000000000e-01
3.489100000000000000e+04 6.756756756756756577e-01
3.534800000000000000e+04 7.600000000000000089e-01
3.584500000000000000e+04 2.727272727272727071e-01
3.657000000000000000e+04 8.636363636363636465e-01
3.702300000000000000e+04 8.750000000000000000e-01
3.612400000000000000e+04 1.578947368421052544e-01
3.579200000000000000e+04 3.333333333333333148e-01
3.712800000000000000e+04 6.129032258064516236e-01
3.492700000000000000e+04 4.000000000000000222e-01
3.691300000000000000e+04 8.450704225352112520e-01
3.619200000000000000e+04 2.857142857142856984e-01
3.580100000000000000e+04 5.714285714285713969e-01
3.700300000000000000e+04 7.600000000000000089e-01
3.620500000000000000e+04 5.833333333333333703e-01
3.461000000000000000e+04 9.130434782608695121e-01
3.693200000000000000e+04 8.750000000000000000e-01
3.487700000000000000e+04 2.972972972972973138e-01
3.563100000000000000e+04 6.666666666666666297e-01
3.640000000000000000e+04 8.000000000000000444e-01
3.679300000000000000e+04 8.958333333333333703e-01
3.565300000000000000e+04 5.999999999999999778e-01
3.677200000000000000e+04 4.583333333333333148e-01
3.703000000000000000e+04 3.389830508474576259e-02
3.667700000000000000e+04 3.333333333333333148e-01
3.568400000000000000e+04 3.333333333333333148e-01
3.616500000000000000e+04 1.666666666666666574e-01
3.582900000000000000e+04 8.000000000000000444e-01
3.609100000000000000e+04 3.125000000000000000e-01
3.467900000000000000e+04 2.000000000000000111e-01
3.698600000000000000e+04 8.000000000000000167e-02
3.688700000000000000e+04 4.788732394366196909e-01
3.701400000000000000e+04 6.666666666666666297e-01
3.713800000000000000e+04 9.354838709677418818e-01
3.697000000000000000e+04 6.052631578947368363e-01
3.620900000000000000e+04 9.166666666666666297e-01
3.462400000000000000e+04 5.625000000000000000e-01
3.621100000000000000e+04 6.666666666666666297e-01
3.560800000000000000e+04 3.333333333333333148e-01
3.666400000000000000e+04 2.352941176470588203e-01
3.665600000000000000e+04 9.759036144578313587e-01
3.699700000000000000e+04 5.200000000000000178e-01
3.612000000000000000e+04 5.000000000000000000e-01
3.685200000000000000e+04 9.565217391304348116e-01
3.481100000000000000e+04 3.703703703703703498e-01
3.564400000000000000e+04 7.142857142857143016e-01
3.469100000000000000e+04 7.500000000000000000e-01
3.460800000000000000e+04 8.260869565217391353e-01
3.458000000000000000e+04 2.857142857142856984e-01
3.480700000000000000e+04 2.222222222222222099e-01
3.546000000000000000e+04 4.500000000000000111e-01
3.616400000000000000e+04 8.333333333333332871e-02
3.702900000000000000e+04 1.694915254237288130e-02
3.459000000000000000e+04 4.347826086956521618e-02
3.578000000000000000e+04 2.500000000000000000e-01
3.469200000000000000e+04 8.333333333333333703e-01
3.707000000000000000e+04 7.118644067796610075e-01
3.470400000000000000e+04 6.666666666666666297e-01
3.697100000000000000e+04 6.315789473684210176e-01
3.693700000000000000e+04 8.333333333333333703e-01
3.689800000000000000e+04 6.338028169014084945e-01
3.681200000000000000e+04 8.695652173913043237e-02
3.629100000000000000e+04 2.631578947368420907e-01
3.626200000000000000e+04 1.499999999999999944e-01
3.475100000000000000e+04 2.413793103448275967e-01
3.489800000000000000e+04 8.648648648648649129e-01
3.670800000000000000e+04 9.677419354838709964e-01
3.699500000000000000e+04 4.400000000000000022e-01
3.694100000000000000e+04 3.636363636363636465e-01
3.473100000000000000e+04 6.666666666666666297e-01
3.688300000000000000e+04 4.225352112676056260e-01
3.673500000000000000e+04 4.666666666666666741e-01
3.668300000000000000e+04 1.612903225806451568e-01
3.633600000000000000e+04 2.500000000000000000e-01
3.700400000000000000e+04 8.000000000000000444e-01
3.624300000000000000e+04 4.545454545454545303e-01
3.490200000000000000e+04 9.729729729729730270e-01
3.632700000000000000e+04 5.882352941176470784e-01
3.669900000000000000e+04 6.774193548387096309e-01
3.618000000000000000e+04 4.285714285714285476e-01
3.461300000000000000e+04 4.000000000000000222e-01
3.675900000000000000e+04 1.875000000000000000e-01
3.673900000000000000e+04 5.999999999999999778e-01
3.483600000000000000e+04 5.000000000000000000e-01
3.654900000000000000e+04 5.714285714285713969e-01
3.698900000000000000e+04 2.000000000000000111e-01
3.476600000000000000e+04 7.586206896551723755e-01
3.709500000000000000e+04 6.666666666666666297e-01
3.543200000000000000e+04 6.470588235294117974e-01
3.684300000000000000e+04 7.608695652173913526e-01
3.687700000000000000e+04 3.380281690140845008e-01
3.690800000000000000e+04 7.746478873239436291e-01
3.710800000000000000e+04 3.333333333333333148e-01
3.710900000000000000e+04 6.666666666666666297e-01
3.631800000000000000e+04 5.882352941176470507e-02
3.480400000000000000e+04 1.111111111111111049e-01
3.668500000000000000e+04 2.258064516129032195e-01
3.707800000000000000e+04 8.474576271186440302e-01
3.584200000000000000e+04 1.818181818181818232e-01
3.674400000000000000e+04 7.666666666666667185e-01
3.710300000000000000e+04 6.666666666666666297e-01
3.694300000000000000e+04 5.454545454545454142e-01
3.494100000000000000e+04 6.363636363636363535e-01
3.568600000000000000e+04 3.333333333333333148e-01
3.580800000000000000e+04 6.666666666666666297e-01
3.474000000000000000e+04 5.833333333333333703e-01
3.684600000000000000e+04 8.260869565217391353e-01
3.704600000000000000e+04 3.050847457627118842e-01
3.672300000000000000e+04 6.666666666666666574e-02
3.484200000000000000e+04 2.500000000000000000e-01
3.623500000000000000e+04 8.333333333333333703e-01
3.662000000000000000e+04 5.421686746987951500e-01
3.666100000000000000e+04 5.882352941176470507e-02
3.466300000000000000e+04 9.166666666666666297e-01
3.588900000000000000e+04 5.428571428571428159e-01
3.535500000000000000e+04 6.666666666666666297e-01
3.612500000000000000e+04 2.105263157894736725e-01
3.682200000000000000e+04 3.043478260869565410e-01
3.617400000000000000e+04 9.166666666666666297e-01
3.656300000000000000e+04 5.454545454545454142e-01
3.710100000000000000e+04 4.444444444444444198e-01
3.638000000000000000e+04 7.346938775510204467e-01
3.569100000000000000e+04 5.714285714285713969e-01
3.701200000000000000e+04 4.444444444444444198e-01
3.673100000000000000e+04 3.333333333333333148e-01
3.474400000000000000e+04 9.166666666666666297e-01
3.586800000000000000e+04 9.696969696969697239e-01
3.612900000000000000e+04 4.210526315789473450e-01
3.540600000000000000e+04 1.372549019607843257e-01
3.576600000000000000e+04 1.428571428571428492e-01
3.708700000000000000e+04 5.000000000000000000e-01
3.622100000000000000e+04 5.714285714285713969e-01
3.493500000000000000e+04 9.090909090909091161e-02
3.711900000000000000e+04 3.225806451612903136e-01
3.620300000000000000e+04 4.166666666666666852e-01
3.537800000000000000e+04 6.571428571428571397e-01
3.637900000000000000e+04 7.142857142857143016e-01
3.484700000000000000e+04 1.428571428571428492e-01
3.654700000000000000e+04 2.857142857142856984e-01
3.675200000000000000e+04 4.166666666666666435e-02
3.662700000000000000e+04 6.265060240963855609e-01
3.613200000000000000e+04 5.789473684210526550e-01
3.630700000000000000e+04 3.333333333333333148e-01
3.565100000000000000e+04 2.000000000000000111e-01
3.536000000000000000e+04 1.428571428571428492e-01
3.632400000000000000e+04 4.117647058823529216e-01
3.698400000000000000e+04 9.736842105263158187e-01
3.618200000000000000e+04 5.714285714285713969e-01
3.702700000000000000e+04 6.666666666666666297e-01
3.637600000000000000e+04 6.530612244897958663e-01
3.542500000000000000e+04 5.098039215686274161e-01
3.542700000000000000e+04 5.490196078431373028e-01
3.471100000000000000e+04 6.666666666666666297e-01
3.692200000000000000e+04 9.718309859154929953e-01
3.535800000000000000e+04 8.571428571428571508e-02
3.583300000000000000e+04 8.000000000000000444e-01
3.566200000000000000e+04 4.705882352941176405e-01
3.457300000000000000e+04 6.363636363636363535e-01
3.580700000000000000e+04 3.333333333333333148e-01
3.695800000000000000e+04 2.894736842105263275e-01
3.683900000000000000e+04 6.739130434782608647e-01
3.630200000000000000e+04 8.421052631578946901e-01
3.705700000000000000e+04 4.915254237288135819e-01
3.628800000000000000e+04 1.052631578947368363e-01
3.711100000000000000e+04 6.451612903225806273e-02
3.698000000000000000e+04 8.684210526315789824e-01
3.654000000000000000e+04 9.580419580419580194e-01
3.662400000000000000e+04 5.903614457831325435e-01
3.668700000000000000e+04 2.903225806451613100e-01
3.483200000000000000e+04 1.666666666666666574e-01
3.664900000000000000e+04 8.915662650602409478e-01
3.694700000000000000e+04 9.090909090909090606e-01
3.484900000000000000e+04 2.380952380952380820e-01
3.614600000000000000e+04 2.800000000000000266e-01
3.650700000000000000e+04 7.272727272727272929e-01
3.700800000000000000e+04 9.599999999999999645e-01
3.539900000000000000e+04 6.666666666666666297e-01
3.561100000000000000e+04 6.666666666666666297e-01
3.518900000000000000e+04 8.671875000000000000e-01
3.633800000000000000e+04 4.166666666666666852e-01
3.585500000000000000e+04 5.757575757575758013e-01
3.584400000000000000e+04 2.424242424242424310e-01
3.493200000000000000e+04 5.000000000000000000e-01
3.492100000000000000e+04 7.500000000000000000e-01
3.699800000000000000e+04 5.600000000000000533e-01
3.519400000000000000e+04 9.062500000000000000e-01
3.615000000000000000e+04 4.400000000000000022e-01
3.485200000000000000e+04 3.809523809523809312e-01
3.562200000000000000e+04 9.166666666666666297e-01
3.652900000000000000e+04 8.811188811188811476e-01
3.612200000000000000e+04 5.263157894736841813e-02
3.699400000000000000e+04 4.000000000000000222e-01
3.683400000000000000e+04 5.652173913043477826e-01
3.480200000000000000e+04 3.703703703703703498e-02
3.484000000000000000e+04 8.333333333333333703e-01
3.679100000000000000e+04 8.541666666666666297e-01
3.466700000000000000e+04 6.666666666666666297e-01
3.584900000000000000e+04 3.939393939393939226e-01
3.493800000000000000e+04 3.636363636363636465e-01
3.483500000000000000e+04 4.166666666666666852e-01
3.701100000000000000e+04 3.333333333333333148e-01
3.649900000000000000e+04 6.713286713286713558e-01
3.610700000000000000e+04 8.125000000000000000e-01
3.487000000000000000e+04 1.081081081081081141e-01
3.676700000000000000e+04 3.541666666666666852e-01
3.587700000000000000e+04 2.000000000000000111e-01
3.709600000000000000e+04 3.333333333333333148e-01
3.658300000000000000e+04 9.638554216867470381e-02
3.471000000000000000e+04 3.333333333333333148e-01
3.544200000000000000e+04 8.431372549019607865e-01
3.636700000000000000e+04 4.693877551020408379e-01
3.481600000000000000e+04 5.555555555555555802e-01
3.487400000000000000e+04 2.162162162162162282e-01
3.650400000000000000e+04 7.062937062937062471e-01
3.632500000000000000e+04 4.705882352941176405e-01
3.629700000000000000e+04 5.789473684210526550e-01
3.581800000000000000e+04 2.500000000000000000e-01
3.541900000000000000e+04 3.921568627450980338e-01
3.674300000000000000e+04 7.333333333333332815e-01
3.478000000000000000e+04 3.750000000000000000e-01
3.581600000000000000e+04 5.000000000000000000e-01
3.537000000000000000e+04 4.285714285714285476e-01
3.587800000000000000e+04 2.285714285714285643e-01
3.559700000000000000e+04 7.142857142857143016e-01
3.537900000000000000e+04 6.857142857142857206e-01
3.712200000000000000e+04 4.193548387096774355e-01
3.485400000000000000e+04 4.761904761904761640e-01
3.635400000000000000e+04 2.040816326530612290e-01
3.682900000000000000e+04 4.565217391304347561e-01
3.650100000000000000e+04 6.853146853146853124e-01
3.627700000000000000e+04 9.000000000000000222e-01
3.519000000000000000e+04 8.750000000000000000e-01
3.623200000000000000e+04 5.833333333333333703e-01
3.658400000000000000e+04 1.084337349397590383e-01
3.654500000000000000e+04 9.930069930069930217e-01
3.653900000000000000e+04 9.510489510489510412e-01
3.702800000000000000e+04 8.333333333333333703e-01
3.613400000000000000e+04 6.842105263157894912e-01
3.543500000000000000e+04 7.058823529411765163e-01
3.588800000000000000e+04 5.142857142857142350e-01
3.583200000000000000e+04 5.999999999999999778e-01
3.691700000000000000e+04 9.014084507042253724e-01
3.636300000000000000e+04 3.877551020408163129e-01
3.637400000000000000e+04 6.122448979591836871e-01
3.705000000000000000e+04 3.728813559322033955e-01
3.636500000000000000e+04 4.285714285714285476e-01
3.690200000000000000e+04 6.901408450704225039e-01
3.563600000000000000e+04 5.000000000000000000e-01
3.457400000000000000e+04 7.272727272727272929e-01
3.705800000000000000e+04 5.084745762711864181e-01
3.692600000000000000e+04 1.250000000000000000e-01
3.668000000000000000e+04 6.451612903225806273e-02
3.587000000000000000e+04 6.666666666666666297e-01
3.640300000000000000e+04 7.500000000000000000e-01
3.697600000000000000e+04 7.631578947368421462e-01
3.469300000000000000e+04 9.166666666666666297e-01
3.705500000000000000e+04 4.576271186440677985e-01
3.518700000000000000e+04 8.515625000000000000e-01
3.704000000000000000e+04 2.033898305084745894e-01
3.630900000000000000e+04 1.000000000000000056e-01
3.478600000000000000e+04 1.818181818181818232e-01
3.610900000000000000e+04 8.750000000000000000e-01
3.656200000000000000e+04 5.000000000000000000e-01
3.609400000000000000e+04 4.062500000000000000e-01
3.679400000000000000e+04 9.166666666666666297e-01
3.628200000000000000e+04 3.333333333333333148e-01
3.615500000000000000e+04 6.400000000000000133e-01
3.537700000000000000e+04 6.285714285714285587e-01
3.682000000000000000e+04 2.608695652173912971e-01
3.622000000000000000e+04 4.285714285714285476e-01
3.609900000000000000e+04 5.625000000000000000e-01
3.469600000000000000e+04 5.000000000000000000e-01
3.663200000000000000e+04 6.867469879518072196e-01
3.519800000000000000e+04 9.375000000000000000e-01
3.578100000000000000e+04 5.000000000000000000e-01
3.456500000000000000e+04 3.333333333333333148e-01
3.485300000000000000e+04 4.285714285714285476e-01
3.672200000000000000e+04 3.333333333333333287e-02
3.582200000000000000e+04 3.333333333333333148e-01
3.518300000000000000e+04 8.203125000000000000e-01
3.681500000000000000e+04 1.521739130434782705e-01
3.480500000000000000e+04 1.481481481481481399e-01
3.481000000000000000e+04 3.333333333333333148e-01
3.562500000000000000e+04 5.000000000000000000e-01
3.587500000000000000e+04 1.428571428571428492e-01
3.669400000000000000e+04 5.161290322580645018e-01
3.631000000000000000e+04 2.000000000000000111e-01
3.656600000000000000e+04 6.818181818181817677e-01
3.637100000000000000e+04 5.510204081632652517e-01
3.661500000000000000e+04 4.819277108433734913e-01
3.564700000000000000e+04 5.000000000000000000e-01
3.635100000000000000e+04 1.428571428571428492e-01
3.483100000000000000e+04 8.333333333333332871e-02
3.691900000000000000e+04 9.295774647887323772e-01
3.483400000000000000e+04 3.333333333333333148e-01
3.461200000000000000e+04 2.000000000000000111e-01
3.691000000000000000e+04 8.028169014084507449e-01
3.616000000000000000e+04 8.399999999999999689e-01
3.519900000000000000e+04 9.453125000000000000e-01
3.615100000000000000e+04 4.799999999999999822e-01
3.519500000000000000e+04 9.140625000000000000e-01
3.472300000000000000e+04 8.888888888888888395e-01
3.493100000000000000e+04 3.333333333333333148e-01
3.674100000000000000e+04 6.666666666666666297e-01
3.665300000000000000e+04 9.397590361445783413e-01
3.624800000000000000e+04 9.090909090909090606e-01
3.659400000000000000e+04 2.289156626506023973e-01
3.696600000000000000e+04 5.000000000000000000e-01
3.536700000000000000e+04 3.428571428571428603e-01
3.567800000000000000e+04 5.000000000000000000e-01
3.636000000000000000e+04 3.265306122448979331e-01
3.661800000000000000e+04 5.180722891566265087e-01
3.699900000000000000e+04 5.999999999999999778e-01
3.538800000000000000e+04 9.428571428571428381e-01
3.487600000000000000e+04 2.702702702702702853e-01
3.676500000000000000e+04 3.125000000000000000e-01
3.560600000000000000e+04 5.999999999999999778e-01
3.468200000000000000e+04 8.000000000000000444e-01
3.633100000000000000e+04 8.235294117647058432e-01
3.653300000000000000e+04 9.090909090909090606e-01
3.705900000000000000e+04 5.254237288135593653e-01
3.689100000000000000e+04 5.352112676056337559e-01
3.493400000000000000e+04 8.333333333333333703e-01
3.476400000000000000e+04 6.896551724137931494e-01
3.677300000000000000e+04 4.791666666666666852e-01
3.626600000000000000e+04 3.499999999999999778e-01
3.683600000000000000e+04 6.086956521739130821e-01
3.617500000000000000e+04 7.142857142857142461e-02
3.699200000000000000e+04 3.200000000000000067e-01
3.674800000000000000e+04 9.000000000000000222e-01
3.536400000000000000e+04 2.571428571428571175e-01
3.470000000000000000e+04 6.666666666666666297e-01
3.463000000000000000e+04 9.375000000000000000e-01
3.638200000000000000e+04 7.755102040816326259e-01
3.636200000000000000e+04 3.673469387755102233e-01
3.476700000000000000e+04 7.931034482758620996e-01
3.615700000000000000e+04 7.199999999999999734e-01
3.467200000000000000e+04 5.000000000000000000e-01
3.619100000000000000e+04 1.428571428571428492e-01
3.459700000000000000e+04 3.478260869565217295e-01
3.545600000000000000e+04 2.500000000000000000e-01
3.536800000000000000e+04 3.714285714285714413e-01
3.685000000000000000e+04 9.130434782608695121e-01
3.654200000000000000e+04 9.720279720279719760e-01
3.665800000000000000e+04 2.500000000000000000e-01
3.713700000000000000e+04 9.032258064516128782e-01
3.546300000000000000e+04 5.999999999999999778e-01
3.674500000000000000e+04 8.000000000000000444e-01
3.633000000000000000e+04 7.647058823529411242e-01
3.472700000000000000e+04 6.666666666666666297e-01
3.626800000000000000e+04 4.500000000000000111e-01
3.657700000000000000e+04 2.409638554216867595e-02
3.625000000000000000e+04 6.666666666666666297e-01
3.489600000000000000e+04 8.108108108108108558e-01
3.685300000000000000e+04 9.782608695652174058e-01
3.587200000000000000e+04 5.714285714285714107e-02
3.585100000000000000e+04 4.545454545454545303e-01
3.483900000000000000e+04 7.500000000000000000e-01
3.684800000000000000e+04 8.695652173913043237e-01
3.540400000000000000e+04 9.803921568627450844e-02
3.653000000000000000e+04 8.881118881118881259e-01
3.634200000000000000e+04 7.500000000000000000e-01
3.620700000000000000e+04 7.500000000000000000e-01
3.704100000000000000e+04 2.203389830508474534e-01
3.456200000000000000e+04 3.333333333333333148e-01
3.618400000000000000e+04 7.142857142857143016e-01
3.537400000000000000e+04 5.428571428571428159e-01
3.492900000000000000e+04 8.000000000000000444e-01
3.678100000000000000e+04 6.458333333333333703e-01
3.590200000000000000e+04 9.142857142857142572e-01
3.456800000000000000e+04 1.818181818181818232e-01
3.689700000000000000e+04 6.197183098591548811e-01
3.468500000000000000e+04 2.500000000000000000e-01
3.468300000000000000e+04 8.333333333333332871e-02
3.662500000000000000e+04 6.024096385542169196e-01
3.622700000000000000e+04 1.666666666666666574e-01
3.635500000000000000e+04 2.244897959183673464e-01
3.485600000000000000e+04 5.714285714285713969e-01
3.612300000000000000e+04 1.052631578947368363e-01
3.637200000000000000e+04 5.714285714285713969e-01
3.585200000000000000e+04 4.848484848484848619e-01
3.617100000000000000e+04 6.666666666666666297e-01
3.479500000000000000e+04 3.333333333333333148e-01
3.456000000000000000e+04 9.393939393939394478e-01
3.538600000000000000e+04 8.857142857142856762e-01
3.694000000000000000e+04 2.727272727272727071e-01
3.580000000000000000e+04 5.000000000000000000e-01
3.516500000000000000e+04 6.796875000000000000e-01
3.578400000000000000e+04 6.666666666666666297e-01
3.488900000000000000e+04 6.216216216216216006e-01
3.705300000000000000e+04 4.237288135593220151e-01
3.472600000000000000e+04 3.333333333333333148e-01
3.655900000000000000e+04 3.636363636363636465e-01
3.468100000000000000e+04 5.999999999999999778e-01
3.491000000000000000e+04 3.333333333333333148e-01
3.668800000000000000e+04 3.225806451612903136e-01
3.639000000000000000e+04 9.387755102040816757e-01
3.494200000000000000e+04 7.272727272727272929e-01
3.586700000000000000e+04 9.393939393939394478e-01
3.544000000000000000e+04 8.039215686274510109e-01
3.663400000000000000e+04 7.108433734939758608e-01
3.696100000000000000e+04 3.684210526315789269e-01
3.664500000000000000e+04 8.433734939759036653e-01
3.488200000000000000e+04 4.324324324324324564e-01
3.457800000000000000e+04 1.428571428571428492e-01
3.617000000000000000e+04 5.833333333333333703e-01
3.622300000000000000e+04 8.571428571428570953e-01
3.611200000000000000e+04 9.687500000000000000e-01
3.638600000000000000e+04 8.571428571428570953e-01
3.489700000000000000e+04 8.378378378378378288e-01
3.681700000000000000e+04 1.956521739130434867e-01
3.655200000000000000e+04 4.545454545454545581e-02
3.569700000000000000e+04 5.000000000000000000e-01
3.486800000000000000e+04 5.405405405405405705e-02
3.560300000000000000e+04 8.333333333333333703e-01
3.472500000000000000e+04 6.666666666666666297e-01
3.516800000000000000e+04 7.031250000000000000e-01
3.699100000000000000e+04 2.800000000000000266e-01
3.460400000000000000e+04 6.521739130434782705e-01
3.478500000000000000e+04 9.090909090909091161e-02
3.490400000000000000e+04 2.857142857142856984e-01
3.657200000000000000e+04 9.545454545454545858e-01
3.472200000000000000e+04 7.777777777777777901e-01
3.678600000000000000e+04 7.500000000000000000e-01
3.586600000000000000e+04 9.090909090909090606e-01
3.706200000000000000e+04 5.762711864406779849e-01
3.610300000000000000e+04 6.875000000000000000e-01
3.695000000000000000e+04 7.894736842105262720e-02
3.459900000000000000e+04 4.347826086956521618e-01
3.458200000000000000e+04 4.285714285714285476e-01
3.663000000000000000e+04 6.626506024096385783e-01
3.707400000000000000e+04 7.796610169491525744e-01
3.577900000000000000e+04 5.000000000000000000e-01
3.582700000000000000e+04 4.000000000000000222e-01
3.544400000000000000e+04 8.823529411764705621e-01
3.677100000000000000e+04 4.375000000000000000e-01
3.662800000000000000e+04 6.385542168674698260e-01
3.481200000000000000e+04 4.074074074074073848e-01
3.581500000000000000e+04 2.500000000000000000e-01
3.461700000000000000e+04 1.250000000000000000e-01
3.565000000000000000e+04 6.666666666666666297e-01
3.462500000000000000e+04 6.250000000000000000e-01
3.638300000000000000e+04 7.959183673469387710e-01
3.539800000000000000e+04 3.333333333333333148e-01
3.627200000000000000e+04 6.500000000000000222e-01
3.579700000000000000e+04 2.857142857142856984e-01
3.702500000000000000e+04 3.333333333333333148e-01
3.609600000000000000e+04 4.687500000000000000e-01
3.473700000000000000e+04 3.333333333333333148e-01
3.492300000000000000e+04 2.500000000000000000e-01
3.637500000000000000e+04 6.326530612244898322e-01
3.581900000000000000e+04 5.000000000000000000e-01
3.618700000000000000e+04 9.285714285714286031e-01
3.612600000000000000e+04 2.631578947368420907e-01
3.678300000000000000e+04 6.875000000000000000e-01
3.697900000000000000e+04 8.421052631578946901e-01
3.634800000000000000e+04 8.163265306122448328e-02
3.470700000000000000e+04 5.000000000000000000e-01
3.665200000000000000e+04 9.277108433734939652e-01
3.681400000000000000e+04 1.304347826086956486e-01
3.484600000000000000e+04 9.523809523809523281e-02
3.654400000000000000e+04 9.860139860139860435e-01
3.615300000000000000e+04 5.600000000000000533e-01
3.680300000000000000e+04 8.000000000000000444e-01
3.568200000000000000e+04 8.333333333333333703e-01
3.473800000000000000e+04 4.166666666666666852e-01
3.611100000000000000e+04 9.375000000000000000e-01
3.653100000000000000e+04 8.951048951048951041e-01
3.629000000000000000e+04 2.105263157894736725e-01
3.484400000000000000e+04 7.500000000000000000e-01
3.536300000000000000e+04 2.285714285714285643e-01
3.538700000000000000e+04 9.142857142857142572e-01
3.622800000000000000e+04 2.500000000000000000e-01
3.458100000000000000e+04 3.571428571428571508e-01
3.677900000000000000e+04 6.041666666666666297e-01
3.478700000000000000e+04 2.727272727272727071e-01
3.614200000000000000e+04 1.199999999999999956e-01
3.626700000000000000e+04 4.000000000000000222e-01
3.678200000000000000e+04 6.666666666666666297e-01
3.614900000000000000e+04 4.000000000000000222e-01
3.475300000000000000e+04 3.103448275862069061e-01
3.658600000000000000e+04 1.325301204819277212e-01
3.695700000000000000e+04 2.631578947368420907e-01
3.479000000000000000e+04 5.454545454545454142e-01
3.546400000000000000e+04 6.500000000000000222e-01
