4.574600000000000000e+04 4.782608695652174058e-01 1.203315927173433693e+02
4.574700000000000000e+04 5.217391304347825942e-01 1.221830245956472965e+02
4.574800000000000000e+04 5.652173913043477826e-01 1.244350015049427753e+02
4.574900000000000000e+04 6.086956521739130821e-01 1.261398475390467411e+02
4.575000000000000000e+04 6.521739130434782705e-01 1.272070401177315802e+02
4.575100000000000000e+04 6.956521739130434590e-01 1.295664892059723172e+02
4.575200000000000000e+04 7.391304347826086474e-01 1.320324372995055171e+02
4.575300000000000000e+04 7.826086956521739468e-01 1.336047604215132196e+02
4.575400000000000000e+04 8.260869565217391353e-01 1.350704002135494477e+02
4.575500000000000000e+04 8.695652173913043237e-01 1.366994490157650262e+02
4.575600000000000000e+04 9.130434782608695121e-01 1.378479262684783748e+02
4.575700000000000000e+04 9.565217391304348116e-01 1.401410028044884655e+02
4.575800000000000000e+04 2.631578947368420907e-02 1.412197057293014097e+02
4.575900000000000000e+04 5.263157894736841813e-02 1.422754519109189459e+02
4.576000000000000000e+04 7.894736842105262720e-02 1.438094010626185764e+02
4.576100000000000000e+04 1.052631578947368363e-01 1.458126484262758993e+02
4.576200000000000000e+04 1.315789473684210453e-01 1.469595573154209660e+02
4.576300000000000000e+04 1.578947368421052544e-01 1.480274992614086784e+02
4.576400000000000000e+04 1.842105263157894635e-01 1.497051464233589968e+02
4.576500000000000000e+04 2.105263157894736725e-01 1.518070503222087950e+02
4.576600000000000000e+04 2.368421052631578816e-01 1.532454174519778292e+02
4.576700000000000000e+04 2.631578947368420907e-01 1.545162046096088773e+02
4.576800000000000000e+04 2.894736842105263275e-01 1.563737836792583948e+02
4.576900000000000000e+04 3.157894736842105088e-01 1.577300653609160008e+02
4.577000000000000000e+04 3.421052631578947456e-01 1.594209822719438705e+02
4.577100000000000000e+04 3.684210526315789269e-01 1.624090083762474990e+02
4.577200000000000000e+04 3.947368421052631637e-01 1.634120537391299592e+02
4.577300000000000000e+04 4.210526315789473450e-01 1.649711881143523158e+02
4.577400000000000000e+04 4.473684210526315819e-01 1.682511881143523169e+02
4.577500000000000000e+04 4.736842105263157632e-01 1.701641439423839017e+02
4.577600000000000000e+04 5.000000000000000000e-01 1.715741439423838983e+02
4.577700000000000000e+04 5.263157894736841813e-01 1.744151824848891010e+02
4.577800000000000000e+04 5.526315789473684736e-01 1.767036972871134708e+02
4.577900000000000000e+04 5.789473684210526550e-01 1.794141585024788412e+02
4.578000000000000000e+04 6.052631578947368363e-01 1.820182706352411799e+02
4.578100000000000000e+04 6.315789473684210176e-01 1.843644377222151718e+02
4.578200000000000000e+04 6.578947368421053099e-01 1.854807262153924512e+02
4.578300000000000000e+04 6.842105263157894912e-01 1.869335166338630643e+02
4.578400000000000000e+04 7.105263157894736725e-01 1.887112117708311416e+02
4.578500000000000000e+04 7.368421052631578538e-01 1.904979686093517159e+02
4.578600000000000000e+04 7.631578947368421462e-01 1.917227543048919642e+02
4.578700000000000000e+04 7.894736842105263275e-01 1.936606139489322800e+02
4.578800000000000000e+04 8.157894736842105088e-01 1.958756083055842225e+02
4.578900000000000000e+04 8.421052631578946901e-01 1.968726539414504941e+02
4.579000000000000000e+04 8.684210526315789824e-01 1.985287034576184055e+02
4.579100000000000000e+04 8.947368421052631637e-01 1.999604855639460368e+02
4.579200000000000000e+04 9.210526315789473450e-01 2.017381525743841451e+02
4.579300000000000000e+04 9.473684210526315264e-01 2.035598276277347622e+02
4.579400000000000000e+04 9.736842105263158187e-01 2.048684528605649859e+02
4.579500000000000000e+04 5.000000000000000000e-01 2.065261922852032512e+02
4.579600000000000000e+04 1.666666666666666574e-01 2.080646655543893075e+02
4.579700000000000000e+04 3.333333333333333148e-01 2.105815882786698978e+02
4.579800000000000000e+04 5.000000000000000000e-01 2.125752030859985382e+02
4.579900000000000000e+04 6.666666666666666297e-01 2.144887861126791222e+02
4.580000000000000000e+04 8.333333333333333703e-01 2.167306157226182961e+02
4.580100000000000000e+04 3.333333333333333148e-01 2.188429130501742463e+02
4.580200000000000000e+04 6.666666666666666297e-01 2.206030266828695972e+02
4.580300000000000000e+04 1.666666666666666574e-01 2.230826234242773580e+02
4.580400000000000000e+04 3.333333333333333148e-01 2.259809332765878480e+02
4.580500000000000000e+04 5.000000000000000000e-01 2.279945121799338210e+02
4.580600000000000000e+04 6.666666666666666297e-01 2.306871874295694056e+02
4.580700000000000000e+04 8.333333333333333703e-01 2.322585562596026421e+02
4.580800000000000000e+04 5.000000000000000000e-01 2.330506421135351616e+02
4.580900000000000000e+04 2.500000000000000000e-01 2.349419379655900570e+02
4.581000000000000000e+04 5.000000000000000000e-01 2.370999694760180319e+02
4.581100000000000000e+04 7.500000000000000000e-01 2.382045055777367679e+02
4.581200000000000000e+04 5.000000000000000000e-01 2.407090015350104011e+02
4.581300000000000000e+04 2.000000000000000111e-01 2.424730877007064009e+02
4.581400000000000000e+04 4.000000000000000222e-01 2.440328633255960824e+02
4.581500000000000000e+04 5.999999999999999778e-01 2.452610734053463091e+02
4.581600000000000000e+04 8.000000000000000444e-01 2.464362329689801072e+02
4.581700000000000000e+04 1.428571428571428492e-01 2.476615084482091618e+02
4.581800000000000000e+04 2.857142857142856984e-01 2.496561262060765785e+02
4.581900000000000000e+04 4.285714285714285476e-01 2.504372151894837089e+02
4.582000000000000000e+04 5.714285714285713969e-01 2.518674948824109663e+02
4.582100000000000000e+04 7.142857142857143016e-01 2.530426544460447644e+02
4.582200000000000000e+04 8.571428571428570953e-01 2.539069460634980260e+02
4.582300000000000000e+04 5.000000000000000000e-01 2.551382461893812490e+02
4.582400000000000000e+04 2.500000000000000000e-01 2.560922378036001419e+02
4.582500000000000000e+04 5.000000000000000000e-01 2.566154968216781640e+02
4.582600000000000000e+04 7.500000000000000000e-01 2.573698177083040264e+02
4.582700000000000000e+04 5.000000000000000000e-01 2.564001891357936529e+02
4.582800000000000000e+04 5.000000000000000000e-01 2.575703600634790291e+02
4.582900000000000000e+04 2.000000000000000111e-01 2.592475601111775632e+02
4.583000000000000000e+04 4.000000000000000222e-01 2.608017158305313501e+02
4.583100000000000000e+04 5.999999999999999778e-01 2.622785028835623393e+02
4.583200000000000000e+04 8.000000000000000444e-01 2.633441951468353750e+02
4.583300000000000000e+04 3.333333333333333148e-01 2.644299667618631702e+02
4.583400000000000000e+04 6.666666666666666297e-01 2.656482852752249073e+02
4.583500000000000000e+04 5.000000000000000000e-01 2.662200369695818267e+02
4.583600000000000000e+04 5.000000000000000000e-01 2.669066227253326815e+02
4.583700000000000000e+04 2.500000000000000000e-01 2.675442746680098480e+02
4.583800000000000000e+04 5.000000000000000000e-01 2.686167018217130931e+02
4.583900000000000000e+04 7.500000000000000000e-01 2.696197471845955533e+02
4.584000000000000000e+04 1.111111111111111049e-01 2.702060917931663084e+02
4.584100000000000000e+04 2.222222222222222099e-01 2.712143576311277116e+02
4.584200000000000000e+04 3.333333333333333148e-01 2.720658269494240358e+02
4.584300000000000000e+04 4.444444444444444198e-01 2.730109724408696366e+02
4.584400000000000000e+04 5.555555555555555802e-01 2.737313889870427488e+02
4.584500000000000000e+04 6.666666666666666297e-01 2.748412087922363867e+02
4.584600000000000000e+04 7.777777777777777901e-01 2.755041567539950620e+02
4.584700000000000000e+04 8.888888888888888395e-01 2.760274157720731409e+02
4.584800000000000000e+04 1.250000000000000000e-01 2.768705646320023561e+02
4.584900000000000000e+04 2.500000000000000000e-01 2.777621362780297432e+02
4.585000000000000000e+04 3.750000000000000000e-01 2.787863921054478737e+02
4.585100000000000000e+04 5.000000000000000000e-01 2.797315375968935314e+02
4.585200000000000000e+04 6.250000000000000000e-01 2.814011782768004082e+02
4.585300000000000000e+04 7.500000000000000000e-01 2.820665353238060220e+02
4.585400000000000000e+04 8.750000000000000000e-01 2.825615100706365865e+02
4.585500000000000000e+04 5.000000000000000000e-01 2.834781888584352032e+02
4.585600000000000000e+04 1.666666666666666574e-01 2.846522842549000529e+02
4.585700000000000000e+04 3.333333333333333148e-01 2.859924335003201463e+02
4.585800000000000000e+04 5.000000000000000000e-01 2.870782511645713839e+02
4.585900000000000000e+04 6.666666666666666297e-01 2.883485267252274298e+02
4.586000000000000000e+04 8.333333333333333703e-01 2.888435014720579943e+02
4.586100000000000000e+04 9.090909090909091161e-02 2.894355318766826031e+02
4.586200000000000000e+04 1.818181818181818232e-01 2.905518203698599109e+02
4.586300000000000000e+04 2.727272727272727071e-01 2.919044844079713812e+02
4.586400000000000000e+04 3.636363636363636465e-01 2.925046510514963529e+02
4.586500000000000000e+04 4.545454545454545303e-01 2.936826578426482683e+02
4.586600000000000000e+04 5.454545454545454142e-01 2.951164290935805639e+02
4.586700000000000000e+04 6.363636363636363535e-01 2.959550589284898479e+02
4.586800000000000000e+04 7.272727272727272929e-01 2.967948207994985523e+02
4.586900000000000000e+04 8.181818181818182323e-01 2.975442872764006097e+02
4.587000000000000000e+04 9.090909090909090606e-01 2.983169450272839072e+02
4.587100000000000000e+04 2.500000000000000000e-01 2.994017952473603827e+02
4.587200000000000000e+04 5.000000000000000000e-01 3.005789528408881210e+02
4.587300000000000000e+04 7.500000000000000000e-01 3.011810325698277211e+02
4.587400000000000000e+04 3.333333333333333148e-01 3.017815323616678143e+02
4.587500000000000000e+04 6.666666666666666297e-01 3.024623407047424166e+02
4.587600000000000000e+04 2.000000000000000111e-01 3.031851131447261309e+02
4.587700000000000000e+04 4.000000000000000222e-01 3.042918651494679239e+02
4.587800000000000000e+04 5.999999999999999778e-01 3.051586984667787306e+02
4.587900000000000000e+04 8.000000000000000444e-01 3.058689097029613322e+02
4.588000000000000000e+04 4.545454545454545581e-02 3.066589729915654630e+02
4.588100000000000000e+04 9.090909090909091161e-02 3.079956105639836323e+02
4.588200000000000000e+04 1.363636363636363535e-01 3.086185872890705468e+02
4.588300000000000000e+04 1.818181818181818232e-01 3.095005736835234416e+02
4.588400000000000000e+04 2.272727272727272652e-01 3.104911290832866371e+02
4.588500000000000000e+04 2.727272727272727071e-01 3.117248227243499059e+02
4.588600000000000000e+04 3.181818181818181768e-01 3.125823190800272755e+02
4.588700000000000000e+04 3.636363636363636465e-01 3.134339645461691362e+02
4.588800000000000000e+04 4.090909090909091161e-01 3.145207947997046176e+02
4.588900000000000000e+04 4.545454545454545303e-01 3.153594246346139016e+02
4.589000000000000000e+04 5.000000000000000000e-01 3.165666528649001066e+02
4.589100000000000000e+04 5.454545454545454142e-01 3.177483042517312697e+02
4.589200000000000000e+04 5.909090909090909394e-01 3.186123065665429976e+02
4.589300000000000000e+04 6.363636363636363535e-01 3.195849832857051069e+02
4.589400000000000000e+04 6.818181818181817677e-01 3.203720665087508337e+02
4.589500000000000000e+04 7.272727272727272929e-01 3.213120665087508314e+02
4.589600000000000000e+04 7.727272727272727071e-01 3.221679286471820092e+02
4.589700000000000000e+04 8.181818181818182323e-01 3.231242758644624473e+02
4.589800000000000000e+04 8.636363636363636465e-01 3.238708011486959890e+02
4.589900000000000000e+04 9.090909090909090606e-01 3.249892822616344006e+02
4.590000000000000000e+04 9.545454545454545858e-01 3.262482103771358197e+02
4.590100000000000000e+04 9.090909090909091161e-02 3.270913592370650917e+02
4.590200000000000000e+04 1.818181818181818232e-01 3.281760250842272626e+02
4.590300000000000000e+04 2.727272727272727071e-01 3.291791202940652852e+02
4.590400000000000000e+04 3.636363636363636465e-01 3.297651237070245998e+02
4.590500000000000000e+04 4.545454545454545303e-01 3.302928546991029748e+02
4.590600000000000000e+04 5.454545454545454142e-01 3.318715566975814681e+02
4.590700000000000000e+04 6.363636363636363535e-01 3.329372489608545038e+02
4.590800000000000000e+04 7.272727272727272929e-01 3.344657122414079140e+02
4.590900000000000000e+04 8.181818181818182323e-01 3.351757122414078935e+02
4.591000000000000000e+04 9.090909090909090606e-01 3.356989712594859157e+02
4.591100000000000000e+04 2.500000000000000000e-01 3.267332876905612125e+02
4.591200000000000000e+04 5.000000000000000000e-01 3.275378993981568669e+02
4.591300000000000000e+04 7.500000000000000000e-01 3.279078993981568715e+02
4.591400000000000000e+04 3.333333333333333148e-01 3.062932916064397659e+02
4.591500000000000000e+04 6.666666666666666297e-01 3.068792950193990805e+02
4.591600000000000000e+04 5.000000000000000000e-01 3.031626263607428768e+02
4.591700000000000000e+04 5.000000000000000000e-01 3.018584541520053222e+02
4.591800000000000000e+04 3.333333333333333148e-01 2.989029484402432217e+02
4.591900000000000000e+04 6.666666666666666297e-01 2.991671453365157163e+02
4.592000000000000000e+04 5.000000000000000000e-01 2.894767470800175033e+02
4.592100000000000000e+04 3.333333333333333148e-01 2.837331398341148088e+02
4.592200000000000000e+04 6.666666666666666297e-01 2.846453349886733122e+02
4.592300000000000000e+04 5.000000000000000000e-01 2.831475134835959580e+02
4.592400000000000000e+04 2.500000000000000000e-01 2.765551467641514591e+02
4.592500000000000000e+04 5.000000000000000000e-01 2.771331606048162257e+02
4.592600000000000000e+04 7.500000000000000000e-01 2.779589329705441969e+02
4.592700000000000000e+04 2.500000000000000000e-01 2.703298880156988275e+02
4.592800000000000000e+04 5.000000000000000000e-01 2.713664206972867987e+02
4.592900000000000000e+04 7.500000000000000000e-01 2.720303484041946831e+02
4.593000000000000000e+04 2.500000000000000000e-01 2.730215597842746433e+02
4.593100000000000000e+04 5.000000000000000000e-01 2.739524733140935950e+02
4.593200000000000000e+04 7.500000000000000000e-01 2.746989985983271936e+02
4.593300000000000000e+04 3.333333333333333148e-01 2.725443522952305102e+02
4.593400000000000000e+04 6.666666666666666297e-01 2.732893355165180651e+02
4.593500000000000000e+04 3.333333333333333148e-01 2.675974193668994872e+02
4.593600000000000000e+04 6.666666666666666297e-01 2.687192036598898994e+02
4.593700000000000000e+04 3.333333333333333148e-01 2.691464038471557387e+02
4.593800000000000000e+04 6.666666666666666297e-01 2.700198453162880696e+02
4.593900000000000000e+04 2.000000000000000111e-01 2.695638337564410563e+02
4.594000000000000000e+04 4.000000000000000222e-01 2.709926094561224090e+02
4.594100000000000000e+04 5.999999999999999778e-01 2.718912194939030087e+02
4.594200000000000000e+04 8.000000000000000444e-01 2.735096755482955473e+02
4.594300000000000000e+04 3.333333333333333148e-01 2.741140760777460059e+02
4.594400000000000000e+04 6.666666666666666297e-01 2.746418070698243241e+02
4.594500000000000000e+04 2.500000000000000000e-01 2.754539491915875828e+02
4.594600000000000000e+04 5.000000000000000000e-01 2.759975483085846690e+02
4.594700000000000000e+04 7.500000000000000000e-01 2.767852665323169958e+02
4.594800000000000000e+04 3.333333333333333148e-01 2.774952665323169754e+02
4.594900000000000000e+04 6.666666666666666297e-01 2.785028378697417679e+02
4.595000000000000000e+04 3.333333333333333148e-01 2.779572733582356818e+02
4.595100000000000000e+04 6.666666666666666297e-01 2.786572733582356705e+02
4.595200000000000000e+04 3.333333333333333148e-01 2.793672733582356500e+02
4.595300000000000000e+04 6.666666666666666297e-01 2.800532762736813766e+02
4.595400000000000000e+04 3.333333333333333148e-01 2.791449207718451362e+02
4.595500000000000000e+04 6.666666666666666297e-01 2.800364924178725232e+02
4.595600000000000000e+04 5.000000000000000000e-01 2.808881378840143839e+02
4.595700000000000000e+04 3.333333333333333148e-01 2.813266474473167023e+02
4.595800000000000000e+04 6.666666666666666297e-01 2.824363320872031977e+02
4.595900000000000000e+04 3.333333333333333148e-01 2.830640262802622260e+02
4.596000000000000000e+04 6.666666666666666297e-01 2.833964416830340838e+02
4.596100000000000000e+04 2.500000000000000000e-01 2.835875922663112760e+02
4.596200000000000000e+04 5.000000000000000000e-01 2.847819540205549629e+02
4.596300000000000000e+04 7.500000000000000000e-01 2.855441875805612995e+02
4.596400000000000000e+04 3.333333333333333148e-01 2.859206181850556732e+02
4.596500000000000000e+04 6.666666666666666297e-01 2.867408620512320567e+02
4.596600000000000000e+04 1.666666666666666574e-01 2.870887910895564232e+02
4.596700000000000000e+04 3.333333333333333148e-01 2.882540807531165115e+02
4.596800000000000000e+04 5.000000000000000000e-01 2.889139292205694574e+02
4.596900000000000000e+04 6.666666666666666297e-01 2.901869178301021748e+02
4.597000000000000000e+04 8.333333333333333703e-01 2.914772666201585594e+02
4.597100000000000000e+04 2.500000000000000000e-01 2.920005256382365815e+02
4.597200000000000000e+04 5.000000000000000000e-01 2.924856029516619742e+02
4.597300000000000000e+04 7.500000000000000000e-01 2.929876985600873240e+02
4.597400000000000000e+04 1.666666666666666574e-01 2.924994701224026130e+02
4.597500000000000000e+04 3.333333333333333148e-01 2.934371800988878931e+02
4.597600000000000000e+04 5.000000000000000000e-01 2.953494823762488863e+02
4.597700000000000000e+04 6.666666666666666297e-01 2.965425037507430943e+02
4.597800000000000000e+04 8.333333333333333703e-01 2.977241974504809150e+02
4.597900000000000000e+04 2.000000000000000111e-01 2.981568636035365785e+02
4.598000000000000000e+04 4.000000000000000222e-01 2.988185281711234893e+02
4.598100000000000000e+04 5.999999999999999778e-01 2.996118755099354303e+02
4.598200000000000000e+04 8.000000000000000444e-01 3.002127914774383726e+02
4.598300000000000000e+04 1.666666666666666574e-01 2.994224612697975658e+02
4.598400000000000000e+04 3.333333333333333148e-01 3.003689283849157050e+02
4.598500000000000000e+04 5.000000000000000000e-01 3.016982891335464387e+02
4.598600000000000000e+04 6.666666666666666297e-01 3.027403064078754369e+02
4.598700000000000000e+04 8.333333333333333703e-01 3.038402609523907927e+02
4.598800000000000000e+04 3.333333333333333148e-01 3.043423565608161425e+02
4.598900000000000000e+04 6.666666666666666297e-01 3.056470021065487686e+02
4.599000000000000000e+04 2.000000000000000111e-01 3.051259903173817065e+02
4.599100000000000000e+04 4.000000000000000222e-01 3.066072397899554858e+02
4.599200000000000000e+04 5.999999999999999778e-01 3.078681125035947161e+02
4.599300000000000000e+04 8.000000000000000444e-01 3.090976246019491782e+02
4.599400000000000000e+04 1.250000000000000000e-01 3.095827019153745709e+02
4.599500000000000000e+04 2.500000000000000000e-01 3.105928999157685553e+02
4.599600000000000000e+04 3.750000000000000000e-01 3.115380454072142129e+02
4.599700000000000000e+04 5.000000000000000000e-01 3.122153193547421210e+02
4.599800000000000000e+04 6.250000000000000000e-01 3.133657105925390738e+02
4.599900000000000000e+04 7.500000000000000000e-01 3.138831079253501457e+02
4.600000000000000000e+04 8.750000000000000000e-01 3.144691113383095171e+02
4.600100000000000000e+04 3.333333333333333148e-01 3.149968423303878922e+02
4.600200000000000000e+04 6.666666666666666297e-01 3.159938879662541922e+02
4.600300000000000000e+04 6.666666666666666574e-02 3.151143244813870865e+02
4.600400000000000000e+04 1.333333333333333315e-01 3.158098099233627067e+02
4.600500000000000000e+04 2.000000000000000111e-01 3.167680374537541184e+02
4.600600000000000000e+04 2.666666666666666630e-01 3.177384497372707415e+02
4.600700000000000000e+04 3.333333333333333148e-01 3.183184497372707256e+02
4.600800000000000000e+04 4.000000000000000222e-01 3.191701539112654586e+02
4.600900000000000000e+04 4.666666666666666741e-01 3.200617255572928457e+02
4.601000000000000000e+04 5.333333333333333259e-01 3.210768610162341474e+02
4.601100000000000000e+04 5.999999999999999778e-01 3.222899974471437190e+02
4.601200000000000000e+04 6.666666666666666297e-01 3.228794039282753943e+02
4.601300000000000000e+04 7.333333333333332815e-01 3.237434062430871222e+02
4.601400000000000000e+04 8.000000000000000444e-01 3.242666652611651443e+02
4.601500000000000000e+04 8.666666666666666963e-01 3.247366652611651716e+02
4.601600000000000000e+04 9.333333333333333481e-01 3.254909861477910340e+02
4.601700000000000000e+04 3.333333333333333148e-01 3.097235638961303721e+02
4.601800000000000000e+04 6.666666666666666297e-01 3.109163337817327601e+02
4.601900000000000000e+04 1.111111111111111049e-01 3.115063337817327920e+02
4.602000000000000000e+04 2.222222222222222099e-01 3.121008083396408779e+02
4.602100000000000000e+04 3.333333333333333148e-01 3.128489393442116011e+02
4.602200000000000000e+04 4.444444444444444198e-01 3.131742084635574201e+02
4.602300000000000000e+04 5.555555555555555802e-01 3.136442084635574474e+02
4.602400000000000000e+04 6.666666666666666297e-01 3.142342084635574793e+02
4.602500000000000000e+04 7.777777777777777901e-01 3.148264921793559097e+02
4.602600000000000000e+04 8.888888888888888395e-01 3.153115694927813024e+02
4.602700000000000000e+04 3.333333333333333148e-01 3.123483254018199773e+02
4.602800000000000000e+04 6.666666666666666297e-01 3.133526161963610548e+02
4.602900000000000000e+04 3.333333333333333148e-01 3.138353169318069718e+02
4.603000000000000000e+04 6.666666666666666297e-01 3.145753169318069808e+02
4.603100000000000000e+04 1.666666666666666574e-01 3.143330752725085517e+02
4.603200000000000000e+04 3.333333333333333148e-01 3.152246469185359388e+02
4.603300000000000000e+04 5.000000000000000000e-01 3.159614643993274967e+02
4.603400000000000000e+04 6.666666666666666297e-01 3.170990935128789943e+02
4.603500000000000000e+04 8.333333333333333703e-01 3.184369649566283442e+02
4.603600000000000000e+04 9.090909090909091161e-02 3.197752100761785528e+02
4.603700000000000000e+04 1.818181818181818232e-01 3.204577787540417830e+02
4.603800000000000000e+04 2.727272727272727071e-01 3.211254613133467046e+02
4.603900000000000000e+04 3.636363636363636465e-01 3.216275569217720545e+02
4.604000000000000000e+04 4.545454545454545303e-01 3.223643744025636124e+02
4.604100000000000000e+04 5.454545454545454142e-01 3.233745724029575968e+02
4.604200000000000000e+04 6.363636363636363535e-01 3.247847142397952780e+02
4.604300000000000000e+04 7.272727272727272929e-01 3.258347142397952894e+02
4.604400000000000000e+04 8.181818181818182323e-01 3.269038260206676227e+02
4.604500000000000000e+04 9.090909090909090606e-01 3.274898294336269942e+02
4.604600000000000000e+04 1.428571428571428492e-01 3.193410667208120230e+02
4.604700000000000000e+04 2.857142857142856984e-01 3.202642135130395786e+02
4.604800000000000000e+04 4.285714285714285476e-01 3.211186138875713141e+02
4.604900000000000000e+04 5.714285714285713969e-01 3.220690348469361766e+02
4.605000000000000000e+04 7.142857142857143016e-01 3.232470840819004820e+02
4.605100000000000000e+04 8.571428571428570953e-01 3.243186716891449919e+02
4.605200000000000000e+04 1.428571428571428492e-01 3.253456575702553550e+02
4.605300000000000000e+04 2.857142857142856984e-01 3.260316604857010816e+02
4.605400000000000000e+04 4.285714285714285476e-01 3.267811269626031390e+02
4.605500000000000000e+04 5.714285714285713969e-01 3.278856630643218750e+02
4.605600000000000000e+04 7.142857142857143016e-01 3.286432249429826129e+02
4.605700000000000000e+04 8.571428571428570953e-01 3.291283022564080056e+02
4.605800000000000000e+04 5.263157894736841813e-02 3.252274070741718788e+02
4.605900000000000000e+04 1.052631578947368363e-01 3.262002379947331292e+02
4.606000000000000000e+04 1.578947368421052544e-01 3.269918186918196739e+02
4.606100000000000000e+04 2.105263157894736725e-01 3.279775671384326756e+02
4.606200000000000000e+04 2.631578947368420907e-01 3.291987960277077718e+02
4.606300000000000000e+04 3.157894736842105088e-01 3.303452688795450740e+02
4.606400000000000000e+04 3.684210526315789269e-01 3.315136010240998417e+02
4.606500000000000000e+04 4.210526315789473450e-01 3.326694989434681702e+02
4.606600000000000000e+04 4.736842105263157632e-01 3.338717052485589534e+02
4.606700000000000000e+04 5.263157894736841813e-01 3.347118242877432976e+02
4.606800000000000000e+04 5.789473684210526550e-01 3.354118242877432863e+02
4.606900000000000000e+04 6.315789473684210176e-01 3.360384022956561125e+02
4.607000000000000000e+04 6.842105263157894912e-01 3.369874017687855599e+02
4.607100000000000000e+04 7.368421052631578538e-01 3.375894814977251599e+02
4.607200000000000000e+04 7.894736842105263275e-01 3.382654992489713663e+02
4.607300000000000000e+04 8.421052631578946901e-01 3.392376103537325776e+02
4.607400000000000000e+04 8.947368421052631637e-01 3.398132838723175269e+02
4.607500000000000000e+04 9.473684210526315264e-01 3.414880972947619284e+02
4.607600000000000000e+04 2.000000000000000111e-01 3.420081934397197756e+02
4.607700000000000000e+04 4.000000000000000222e-01 3.427184046759023772e+02
4.607800000000000000e+04 5.999999999999999778e-01 3.436536586521035019e+02
4.607900000000000000e+04 8.000000000000000444e-01 3.443536586521034906e+02
4.608000000000000000e+04 1.666666666666666574e-01 3.425392395306178059e+02
4.608100000000000000e+04 3.333333333333333148e-01 3.434822665715874450e+02
4.608200000000000000e+04 5.000000000000000000e-01 3.440059076700508740e+02
4.608300000000000000e+04 6.666666666666666297e-01 3.446079873989904740e+02
4.608400000000000000e+04 8.333333333333333703e-01 3.452412330069499831e+02
4.608500000000000000e+04 3.333333333333333148e-01 2.669060398850275533e+02
4.608600000000000000e+04 6.666666666666666297e-01 2.674920432979868679e+02
4.608700000000000000e+04 2.500000000000000000e-01 2.661333625886503000e+02
4.608800000000000000e+04 5.000000000000000000e-01 2.667233625886502750e+02
4.608900000000000000e+04 7.500000000000000000e-01 2.669827850240717453e+02
4.609000000000000000e+04 1.111111111111111049e-01 2.640874985842012848e+02
4.609100000000000000e+04 2.222222222222222099e-01 2.655278804780058408e+02
4.609200000000000000e+04 3.333333333333333148e-01 2.667047407075997967e+02
4.609300000000000000e+04 4.444444444444444198e-01 2.677938228899901105e+02
4.609400000000000000e+04 5.555555555555555802e-01 2.695333055717090360e+02
4.609500000000000000e+04 6.666666666666666297e-01 2.708778129164267625e+02
4.609600000000000000e+04 7.777777777777777901e-01 2.716625421690993107e+02
4.609700000000000000e+04 8.888888888888888395e-01 2.727225421690992562e+02
4.609800000000000000e+04 3.333333333333333148e-01 2.732052429045451731e+02
4.609900000000000000e+04 6.666666666666666297e-01 2.738984961050426818e+02
4.610000000000000000e+04 3.333333333333333148e-01 2.741579185404641521e+02
4.610100000000000000e+04 6.666666666666666297e-01 2.747911641484236611e+02
4.610200000000000000e+04 3.333333333333333148e-01 2.745311097312001039e+02
4.610300000000000000e+04 6.666666666666666297e-01 2.748979884577569806e+02
4.610400000000000000e+04 3.333333333333333148e-01 2.753806891932028975e+02
4.610500000000000000e+04 6.666666666666666297e-01 2.757131045959748121e+02
4.610600000000000000e+04 7.692307692307692735e-02 2.756182661819717055e+02
4.610700000000000000e+04 1.538461538461538547e-01 2.758865943392717099e+02
4.610800000000000000e+04 2.307692307692307820e-01 2.766575677499675976e+02
4.610900000000000000e+04 3.076923076923077094e-01 2.771402684854134577e+02
4.611000000000000000e+04 3.846153846153846367e-01 2.778504797215960593e+02
4.611100000000000000e+04 4.615384615384615641e-01 2.785023999621163284e+02
4.611200000000000000e+04 5.384615384615384359e-01 2.794500285813548999e+02
4.611300000000000000e+04 6.153846153846154188e-01 2.800403674670807277e+02
4.611400000000000000e+04 6.923076923076922906e-01 2.809319391131081147e+02
4.611500000000000000e+04 7.692307692307692735e-01 2.819342364741741562e+02
4.611600000000000000e+04 8.461538461538461453e-01 2.826081058977273983e+02
4.611700000000000000e+04 9.230769230769231282e-01 2.834281058977273915e+02
4.611800000000000000e+04 2.000000000000000111e-01 2.742320122747985920e+02
4.611900000000000000e+04 4.000000000000000222e-01 2.752909740304819479e+02
4.612000000000000000e+04 5.999999999999999778e-01 2.760372983567637561e+02
4.612100000000000000e+04 8.000000000000000444e-01 2.768646435084386894e+02
4.612200000000000000e+04 2.000000000000000111e-01 2.775015893460104621e+02
4.612300000000000000e+04 4.000000000000000222e-01 2.779203971778379127e+02
4.612400000000000000e+04 5.999999999999999778e-01 2.782937602718898233e+02
4.612500000000000000e+04 8.000000000000000444e-01 2.791334030530771315e+02
4.612600000000000000e+04 7.142857142857142461e-02 2.784516217691593738e+02
4.612700000000000000e+04 1.428571428571428492e-01 2.798260307330417049e+02
4.612800000000000000e+04 2.142857142857142738e-01 2.815689306154216069e+02
4.612900000000000000e+04 2.857142857142856984e-01 2.821753133328534204e+02
4.613000000000000000e+04 3.571428571428571508e-01 2.827754799763783922e+02
4.613100000000000000e+04 4.285714285714285476e-01 2.840458736161609750e+02
4.613200000000000000e+04 5.000000000000000000e-01 2.861315869234014713e+02
4.613300000000000000e+04 5.714285714285713969e-01 2.875503539937833466e+02
4.613400000000000000e+04 6.428571428571429047e-01 2.888464249794936336e+02
4.613500000000000000e+04 7.142857142857143016e-01 2.900059507446234761e+02
4.613600000000000000e+04 7.857142857142856984e-01 2.909002102147997562e+02
4.613700000000000000e+04 8.571428571428570953e-01 2.918690239223823824e+02
4.613800000000000000e+04 9.285714285714286031e-01 2.935482499345677638e+02
4.613900000000000000e+04 2.500000000000000000e-01 2.940432246813983852e+02
4.614000000000000000e+04 5.000000000000000000e-01 2.945283019948237779e+02
4.614100000000000000e+04 7.500000000000000000e-01 2.953221533663033824e+02
4.614200000000000000e+04 5.000000000000000000e-01 2.945866140325603624e+02
4.614300000000000000e+04 3.333333333333333148e-01 2.951143450246387374e+02
4.614400000000000000e+04 6.666666666666666297e-01 2.960632918092373416e+02
4.614500000000000000e+04 3.333333333333333148e-01 2.953698126025283841e+02
4.614600000000000000e+04 6.666666666666666297e-01 2.960898820436241863e+02
4.614700000000000000e+04 3.333333333333333148e-01 2.965725827790700464e+02
4.614800000000000000e+04 6.666666666666666297e-01 2.974069687808701588e+02
4.614900000000000000e+04 3.333333333333333148e-01 2.967678938429315281e+02
4.615000000000000000e+04 6.666666666666666297e-01 2.978188457923564556e+02
4.615100000000000000e+04 3.333333333333333148e-01 2.983789350709540713e+02
4.615200000000000000e+04 6.666666666666666297e-01 2.987389350709540849e+02
4.615300000000000000e+04 1.250000000000000000e-01 2.989383099498889464e+02
4.615400000000000000e+04 2.500000000000000000e-01 3.000343482703869427e+02
4.615500000000000000e+04 3.750000000000000000e-01 3.016252599586965175e+02
4.615600000000000000e+04 5.000000000000000000e-01 3.027952599586965334e+02
4.615700000000000000e+04 6.250000000000000000e-01 3.044537231026945960e+02
4.615800000000000000e+04 7.500000000000000000e-01 3.056317298938465115e+02
4.615900000000000000e+04 8.750000000000000000e-01 3.075472454902330242e+02
4.616000000000000000e+04 1.587301587301587213e-02 3.083745906419079574e+02
4.616100000000000000e+04 3.174603174603174427e-02 3.094735446900828606e+02
4.616200000000000000e+04 4.761904761904761640e-02 3.101835446900828401e+02
4.616300000000000000e+04 6.349206349206348854e-02 3.108921348396050917e+02
4.616400000000000000e+04 7.936507936507936067e-02 3.116987326328081167e+02
4.616500000000000000e+04 9.523809523809523281e-02 3.126287326328081235e+02
4.616600000000000000e+04 1.111111111111111049e-01 3.132187326328081554e+02
4.616700000000000000e+04 1.269841269841269771e-01 3.140460777844830886e+02
4.616800000000000000e+04 1.428571428571428492e-01 3.152337646118917291e+02
4.616900000000000000e+04 1.587301587301587213e-01 3.159972434917568194e+02
4.617000000000000000e+04 1.746031746031745935e-01 3.172446407821178127e+02
4.617100000000000000e+04 1.904761904761904656e-01 3.177146407821178400e+02
4.617200000000000000e+04 2.063492063492063378e-01 3.190709224637754460e+02
4.617300000000000000e+04 2.222222222222222099e-01 3.201209224637754573e+02
4.617400000000000000e+04 2.380952380952380820e-01 3.211361564269583369e+02
4.617500000000000000e+04 2.539682539682539542e-01 3.225865012135521965e+02
4.617600000000000000e+04 2.698412698412698263e-01 3.236567348329082847e+02
4.617700000000000000e+04 2.857142857142856984e-01 3.251638512849451104e+02
4.617800000000000000e+04 3.015873015873015706e-01 3.263263055851220997e+02
4.617900000000000000e+04 3.174603174603174427e-01 3.272085753851266077e+02
4.618000000000000000e+04 3.333333333333333148e-01 3.281886774206310520e+02
4.618100000000000000e+04 3.492063492063491870e-01 3.291579039163481184e+02
4.618200000000000000e+04 3.650793650793650591e-01 3.303607339126485272e+02
4.618300000000000000e+04 3.809523809523809312e-01 3.310990427910998051e+02
4.618400000000000000e+04 3.968253968253968034e-01 3.317011225200394051e+02
4.618500000000000000e+04 4.126984126984126755e-01 3.323032022489790052e+02
4.618600000000000000e+04 4.285714285714285476e-01 3.329094200316280876e+02
4.618700000000000000e+04 4.444444444444444198e-01 3.337750411958795098e+02
4.618800000000000000e+04 4.603174603174602919e-01 3.348941926601594901e+02
4.618900000000000000e+04 4.761904761904761640e-01 3.356242611500972544e+02
4.619000000000000000e+04 4.920634920634920362e-01 3.360430689819247050e+02
4.619100000000000000e+04 5.079365079365079083e-01 3.367067707221664818e+02
4.619200000000000000e+04 5.238095238095238360e-01 3.374532960064000804e+02
4.619300000000000000e+04 5.396825396825396526e-01 3.383809812978648210e+02
4.619400000000000000e+04 5.555555555555555802e-01 3.392765258249543194e+02
4.619500000000000000e+04 5.714285714285713969e-01 3.402165258249543172e+02
4.619600000000000000e+04 5.873015873015873245e-01 3.407795533553646692e+02
4.619700000000000000e+04 6.031746031746031411e-01 3.418439311078566902e+02
4.619800000000000000e+04 6.190476190476190688e-01 3.426447431956775631e+02
4.619900000000000000e+04 6.349206349206348854e-01 3.435272963102264612e+02
4.620000000000000000e+04 6.507936507936508130e-01 3.445877207535509115e+02
4.620100000000000000e+04 6.666666666666666297e-01 3.454116139505127308e+02
4.620200000000000000e+04 6.825396825396825573e-01 3.460543425090816072e+02
4.620300000000000000e+04 6.984126984126983739e-01 3.462843425090816254e+02
4.620400000000000000e+04 7.142857142857143016e-01 3.469212883466533981e+02
4.620500000000000000e+04 7.301587301587301182e-01 3.476072912620991247e+02
4.620600000000000000e+04 7.460317460317460458e-01 3.488952741812404952e+02
4.620700000000000000e+04 7.619047619047618625e-01 3.496052741812404747e+02
4.620800000000000000e+04 7.777777777777777901e-01 3.506846258384866246e+02
4.620900000000000000e+04 7.936507936507936067e-01 3.510610564429809983e+02
4.621000000000000000e+04 8.095238095238095344e-01 3.517534436179055319e+02
4.621100000000000000e+04 8.253968253968253510e-01 3.524394465333512017e+02
4.621200000000000000e+04 8.412698412698412787e-01 3.536032764178274306e+02
4.621300000000000000e+04 8.571428571428570953e-01 3.549119398581358951e+02
4.621400000000000000e+04 8.730158730158730229e-01 3.558501296044025821e+02
4.621500000000000000e+04 8.888888888888888395e-01 3.564522093333421822e+02
4.621600000000000000e+04 9.047619047619047672e-01 3.570205402228775142e+02
4.621700000000000000e+04 9.206349206349205838e-01 3.579921883073196227e+02
4.621800000000000000e+04 9.365079365079365115e-01 3.587459123947680268e+02
4.621900000000000000e+04 9.523809523809523281e-01 3.596420150674568390e+02
4.622000000000000000e+04 9.682539682539682557e-01 3.608140218933755250e+02
4.622100000000000000e+04 9.841269841269840724e-01 3.615440218933755432e+02
4.622200000000000000e+04 1.666666666666666574e-01 3.079809504590770644e+02
4.622300000000000000e+04 3.333333333333333148e-01 3.086895406085993727e+02
4.622400000000000000e+04 5.000000000000000000e-01 3.100511205731993414e+02
4.622500000000000000e+04 6.666666666666666297e-01 3.108798545474033403e+02
4.622600000000000000e+04 8.333333333333333703e-01 3.115572761295809414e+02
4.622700000000000000e+04 3.333333333333333148e-01 3.121073670311599244e+02
4.622800000000000000e+04 6.666666666666666297e-01 3.126933704441192958e+02
4.622900000000000000e+04 5.000000000000000000e-01 3.122757467274483361e+02
4.623000000000000000e+04 1.666666666666666574e-01 3.129617496428940626e+02
4.623100000000000000e+04 3.333333333333333148e-01 3.137735377925981766e+02
4.623200000000000000e+04 5.000000000000000000e-01 3.144835377925981561e+02
4.623300000000000000e+04 6.666666666666666297e-01 3.149928510557280106e+02
4.623400000000000000e+04 8.333333333333333703e-01 3.157028510557279901e+02
4.623500000000000000e+04 5.000000000000000000e-01 3.133749737285722858e+02
4.623600000000000000e+04 2.500000000000000000e-01 3.138699484754028504e+02
4.623700000000000000e+04 5.000000000000000000e-01 3.145799484754028299e+02
4.623800000000000000e+04 7.500000000000000000e-01 3.153232519127687397e+02
4.623900000000000000e+04 3.333333333333333148e-01 3.144640559109625997e+02
4.624000000000000000e+04 6.666666666666666297e-01 3.152183767975884621e+02
4.624100000000000000e+04 1.428571428571428492e-01 3.160474123818669341e+02
4.624200000000000000e+04 2.857142857142856984e-01 3.168747575335418674e+02
4.624300000000000000e+04 4.285714285714285476e-01 3.182480746855500797e+02
4.624400000000000000e+04 5.714285714285713969e-01 3.187758056776284548e+02
4.624500000000000000e+04 7.142857142857143016e-01 3.199102659016998018e+02
4.624600000000000000e+04 8.571428571428570953e-01 3.201402659016997632e+02
4.624700000000000000e+04 3.333333333333333148e-01 3.163876928369892880e+02
4.624800000000000000e+04 6.666666666666666297e-01 3.171249173618119244e+02
4.624900000000000000e+04 6.250000000000000000e-02 3.178349173618119039e+02
4.625000000000000000e+04 1.250000000000000000e-01 3.185123389439895050e+02
4.625100000000000000e+04 1.875000000000000000e-01 3.192324083850853071e+02
4.625200000000000000e+04 2.500000000000000000e-01 3.200597535367602404e+02
4.625300000000000000e+04 3.125000000000000000e-01 3.209857124991338537e+02
4.625400000000000000e+04 3.750000000000000000e-01 3.218371818174301779e+02
4.625500000000000000e+04 4.375000000000000000e-01 3.224392615463697780e+02
4.625600000000000000e+04 5.000000000000000000e-01 3.233844070378154356e+02
4.625700000000000000e+04 5.625000000000000000e-01 3.242509519010510530e+02
4.625800000000000000e+04 6.250000000000000000e-01 3.248369553140103676e+02
4.625900000000000000e+04 6.875000000000000000e-01 3.262645757117351764e+02
4.626000000000000000e+04 7.500000000000000000e-01 3.273713728927941133e+02
4.626100000000000000e+04 8.125000000000000000e-01 3.280914423338899155e+02
4.626200000000000000e+04 8.750000000000000000e-01 3.289187874855648488e+02
4.626300000000000000e+04 9.375000000000000000e-01 3.302913762805067108e+02
4.626400000000000000e+04 7.692307692307692735e-02 3.176054379128812570e+02
4.626500000000000000e+04 1.538461538461538547e-01 3.183156491490638587e+02
4.626600000000000000e+04 2.307692307692307820e-01 3.191027958952300310e+02
4.626700000000000000e+04 3.076923076923077094e-01 3.199960483791336401e+02
4.626800000000000000e+04 3.846153846153846367e-01 3.207786721712585631e+02
4.626900000000000000e+04 4.615384615384615641e-01 3.218142879301190078e+02
4.627000000000000000e+04 5.384615384615384359e-01 3.226659333962608684e+02
4.627100000000000000e+04 6.153846153846154188e-01 3.231469739350931150e+02
4.627200000000000000e+04 6.923076923076922906e-01 3.237490536640327150e+02
4.627300000000000000e+04 7.692307692307692735e-01 3.244137340383480819e+02
4.627400000000000000e+04 8.461538461538461453e-01 3.250534996204170284e+02
4.627500000000000000e+04 9.230769230769231282e-01 3.255812306124954034e+02
4.627600000000000000e+04 5.000000000000000000e-01 2.583852833727542020e+02
4.627700000000000000e+04 2.500000000000000000e-01 2.570003557793186246e+02
4.627800000000000000e+04 5.000000000000000000e-01 2.575903557793186565e+02
4.627900000000000000e+04 7.500000000000000000e-01 2.582236013872781655e+02
4.628000000000000000e+04 2.500000000000000000e-01 2.541663684989194962e+02
4.628100000000000000e+04 5.000000000000000000e-01 2.551222973665660447e+02
4.628200000000000000e+04 7.500000000000000000e-01 2.556073746799914375e+02
4.628300000000000000e+04 3.333333333333333148e-01 2.470262329689801106e+02
4.628400000000000000e+04 6.666666666666666297e-01 2.476454259921966070e+02
4.628500000000000000e+04 2.000000000000000111e-01 2.413422471429699101e+02
4.628600000000000000e+04 4.000000000000000222e-01 2.417728281458021513e+02
4.628700000000000000e+04 5.999999999999999778e-01 2.423899991107705318e+02
4.628800000000000000e+04 8.000000000000000444e-01 2.431443199973963658e+02
4.628900000000000000e+04 3.333333333333333148e-01 2.387945055777367713e+02
4.629000000000000000e+04 6.666666666666666297e-01 2.395011879674989643e+02
4.629100000000000000e+04 5.000000000000000000e-01 2.337707115546309637e+02
4.629200000000000000e+04 5.000000000000000000e-01 2.329687674957852153e+02
4.629300000000000000e+04 2.500000000000000000e-01 2.213730266828696074e+02
4.629400000000000000e+04 5.000000000000000000e-01 2.216324491182910492e+02
4.629500000000000000e+04 7.500000000000000000e-01 2.222224491182910526e+02
4.629600000000000000e+04 3.333333333333333148e-01 2.172006157226182950e+02
4.629700000000000000e+04 6.666666666666666297e-01 2.177238747406963455e+02
4.629800000000000000e+04 3.333333333333333148e-01 2.074598410414279783e+02
4.629900000000000000e+04 6.666666666666666297e-01 2.081440924572102062e+02
4.630000000000000000e+04 2.500000000000000000e-01 2.059308087331425270e+02
4.630100000000000000e+04 5.000000000000000000e-01 2.061948163087914168e+02
4.630200000000000000e+04 7.500000000000000000e-01 2.068808192242371149e+02
4.630300000000000000e+04 5.000000000000000000e-01 1.410361564225898690e+02
4.634800000000000000e+04 4.945054945054944834e-02 1.214693063369094688e+02
4.634900000000000000e+04 5.494505494505494414e-02 1.225529114310281642e+02
4.635000000000000000e+04 6.043956043956043994e-02 1.238547946823222361e+02
4.635100000000000000e+04 6.593406593406593574e-02 1.253210484120702546e+02
4.635200000000000000e+04 7.142857142857142461e-02 1.275316818054668175e+02
4.635300000000000000e+04 7.692307692307692735e-02 1.288596125265513024e+02
4.635400000000000000e+04 8.241758241758241621e-02 1.298297671534020878e+02
4.635500000000000000e+04 8.791208791208791895e-02 1.310026695363820295e+02
4.635600000000000000e+04 9.340659340659340781e-02 1.337388530097624368e+02
4.635700000000000000e+04 9.890109890109889668e-02 1.354661051627499262e+02
4.635800000000000000e+04 1.043956043956043994e-01 1.373802629409908036e+02
4.635900000000000000e+04 1.098901098901098883e-01 1.389141469000959148e+02
4.636000000000000000e+04 1.153846153846153910e-01 1.399999645643471524e+02
4.636100000000000000e+04 1.208791208791208799e-01 1.410355803232075402e+02
4.636200000000000000e+04 1.263736263736263687e-01 1.425679314579022048e+02
4.636300000000000000e+04 1.318681318681318715e-01 1.444980350820633532e+02
4.636400000000000000e+04 1.373626373626373742e-01 1.455478922152010171e+02
4.636500000000000000e+04 1.428571428571428492e-01 1.470981825105973257e+02
4.636600000000000000e+04 1.483516483516483520e-01 1.476896214339021753e+02
4.636700000000000000e+04 1.538461538461538547e-01 1.486998194342961597e+02
4.636800000000000000e+04 1.593406593406593297e-01 1.496601318834500773e+02
4.636900000000000000e+04 1.648351648351648324e-01 1.507447977306122482e+02
4.637000000000000000e+04 1.703296703296703352e-01 1.522621968211616093e+02
4.637100000000000000e+04 1.758241758241758379e-01 1.540061291592986095e+02
4.637200000000000000e+04 1.813186813186813129e-01 1.556391937630421296e+02
4.637300000000000000e+04 1.868131868131868156e-01 1.571254979041922297e+02
4.637400000000000000e+04 1.923076923076923184e-01 1.582101637513544006e+02
4.637500000000000000e+04 1.978021978021977934e-01 1.595324723386365235e+02
4.637600000000000000e+04 2.032967032967032961e-01 1.607407769359959957e+02
4.637700000000000000e+04 2.087912087912087988e-01 1.620346857426744123e+02
4.637800000000000000e+04 2.142857142857142738e-01 1.634112757324680274e+02
4.637900000000000000e+04 2.197802197802197766e-01 1.645626227696379829e+02
4.638000000000000000e+04 2.252747252747252793e-01 1.661591502513932994e+02
4.638100000000000000e+04 2.307692307692307820e-01 1.678795281168635540e+02
4.638200000000000000e+04 2.362637362637362570e-01 1.685127737248230630e+02
4.638300000000000000e+04 2.417582417582417598e-01 1.697601710151840848e+02
4.638400000000000000e+04 2.472527472527472625e-01 1.717174395200142101e+02
4.638500000000000000e+04 2.527472527472527375e-01 1.735737530711148793e+02
4.638600000000000000e+04 2.582417582417582680e-01 1.746825361878694594e+02
4.638700000000000000e+04 2.637362637362637430e-01 1.758137744474770443e+02
4.638800000000000000e+04 2.692307692307692180e-01 1.778038749474518454e+02
4.638900000000000000e+04 2.747252747252747485e-01 1.798582118234291158e+02
4.639000000000000000e+04 2.802197802197802234e-01 1.815653732100589934e+02
4.639100000000000000e+04 2.857142857142856984e-01 1.823997592118591058e+02
4.639200000000000000e+04 2.912087912087912289e-01 1.837020648595470789e+02
4.639300000000000000e+04 2.967032967032967039e-01 1.852934479058310444e+02
4.639400000000000000e+04 3.021978021978021789e-01 1.860397722321128242e+02
4.639500000000000000e+04 3.076923076923077094e-01 1.869874008513513957e+02
4.639600000000000000e+04 3.131868131868131844e-01 1.884615446706580713e+02
4.639700000000000000e+04 3.186813186813186594e-01 1.900348532862830950e+02
4.639800000000000000e+04 3.241758241758241899e-01 1.920414673498239608e+02
4.639900000000000000e+04 3.296703296703296648e-01 1.931261331969861033e+02
4.640000000000000000e+04 3.351648351648351398e-01 1.941457900019945271e+02
4.640100000000000000e+04 3.406593406593406703e-01 1.954273515494825801e+02
4.640200000000000000e+04 3.461538461538461453e-01 1.967693649622322312e+02
4.640300000000000000e+04 3.516483516483516758e-01 1.980438452484665675e+02
4.640400000000000000e+04 3.571428571428571508e-01 1.993047179621058262e+02
4.640500000000000000e+04 3.626373626373626258e-01 1.999067976910454547e+02
4.640600000000000000e+04 3.681318681318681563e-01 2.016570548150132538e+02
4.640700000000000000e+04 3.736263736263736313e-01 2.024872957439007735e+02
4.640800000000000000e+04 3.791208791208791062e-01 2.033788673899281605e+02
4.640900000000000000e+04 3.846153846153846367e-01 2.046052849370955187e+02
4.641000000000000000e+04 3.901098901098901117e-01 2.064955759199867771e+02
4.641100000000000000e+04 3.956043956043955867e-01 2.076310934231543968e+02
4.641200000000000000e+04 4.010989010989011172e-01 2.084742422830836404e+02
4.641300000000000000e+04 4.065934065934065922e-01 2.098121137268329903e+02
4.641400000000000000e+04 4.120879120879120672e-01 2.112685133972531730e+02
4.641500000000000000e+04 4.175824175824175977e-01 2.125350835690162796e+02
4.641600000000000000e+04 4.230769230769230727e-01 2.146354168758987839e+02
4.641700000000000000e+04 4.285714285714285476e-01 2.165995197245296708e+02
4.641800000000000000e+04 4.340659340659340781e-01 2.180846796485782590e+02
4.641900000000000000e+04 4.395604395604395531e-01 2.205990781850079827e+02
4.642000000000000000e+04 4.450549450549450281e-01 2.219357157574261805e+02
4.642100000000000000e+04 4.505494505494505586e-01 2.236109470847359262e+02
4.642200000000000000e+04 4.560439560439560336e-01 2.252334143417244832e+02
4.642300000000000000e+04 4.615384615384615641e-01 2.279581895618114515e+02
4.642400000000000000e+04 4.670329670329670391e-01 2.290690900974130955e+02
4.642500000000000000e+04 4.725274725274725141e-01 2.305633792260625796e+02
4.642600000000000000e+04 4.780219780219780445e-01 2.320952081982393054e+02
4.642700000000000000e+04 4.835164835164835195e-01 2.350709265988948573e+02
4.642800000000000000e+04 4.890109890109889945e-01 2.359785057965409862e+02
4.642900000000000000e+04 4.945054945054945250e-01 2.371536653601747844e+02
4.643000000000000000e+04 5.000000000000000000e-01 2.388542828950720320e+02
4.643100000000000000e+04 5.054945054945054750e-01 2.399097448792287537e+02
4.643200000000000000e+04 5.109890109890109500e-01 2.411309737685038215e+02
4.643300000000000000e+04 5.164835164835165360e-01 2.422217533062656969e+02
4.643400000000000000e+04 5.219780219780220110e-01 2.438170902612692430e+02
4.643500000000000000e+04 5.274725274725274859e-01 2.456151169574003177e+02
4.643600000000000000e+04 5.329670329670329609e-01 2.465882562074565385e+02
4.643700000000000000e+04 5.384615384615384359e-01 2.481168176226440210e+02
4.643800000000000000e+04 5.439560439560439109e-01 2.492836080922657231e+02
4.643900000000000000e+04 5.494505494505494969e-01 2.511079435877270214e+02
4.644000000000000000e+04 5.549450549450549719e-01 2.531677979515110337e+02
4.644100000000000000e+04 5.604395604395604469e-01 2.552305630859846701e+02
4.644200000000000000e+04 5.659340659340659219e-01 2.567064357092147020e+02
4.644300000000000000e+04 5.714285714285713969e-01 2.578279525392266578e+02
4.644400000000000000e+04 5.769230769230768718e-01 2.602929068998589059e+02
4.644500000000000000e+04 5.824175824175824578e-01 2.618276055673503606e+02
4.644600000000000000e+04 5.879120879120879328e-01 2.631132182617494095e+02
4.644700000000000000e+04 5.934065934065934078e-01 2.639419522359534085e+02
4.644800000000000000e+04 5.989010989010988828e-01 2.654906613758502658e+02
4.644900000000000000e+04 6.043956043956043578e-01 2.670836773833028133e+02
4.645000000000000000e+04 6.098901098901099438e-01 2.688801183091336497e+02
4.645100000000000000e+04 6.153846153846154188e-01 2.701096710733532404e+02
4.645200000000000000e+04 6.208791208791208938e-01 2.717139154437656998e+02
4.645300000000000000e+04 6.263736263736263687e-01 2.728007456973011813e+02
4.645400000000000000e+04 6.318681318681318437e-01 2.741641605277911822e+02
4.645500000000000000e+04 6.373626373626373187e-01 2.760494986937444537e+02
4.645600000000000000e+04 6.428571428571429047e-01 2.772762015917600706e+02
4.645700000000000000e+04 6.483516483516483797e-01 2.790128938500487834e+02
4.645800000000000000e+04 6.538461538461538547e-01 2.804024981102610354e+02
4.645900000000000000e+04 6.593406593406593297e-01 2.814095234326834429e+02
4.646000000000000000e+04 6.648351648351648047e-01 2.829468262655696549e+02
4.646100000000000000e+04 6.703296703296702796e-01 2.845773169892476631e+02
4.646200000000000000e+04 6.758241758241758657e-01 2.860160316934193929e+02
4.646300000000000000e+04 6.813186813186813406e-01 2.878224923212770818e+02
4.646400000000000000e+04 6.868131868131868156e-01 2.887870647654200980e+02
4.646500000000000000e+04 6.923076923076922906e-01 2.899168877604064960e+02
4.646600000000000000e+04 6.978021978021977656e-01 2.913091521031230400e+02
4.646700000000000000e+04 7.032967032967033516e-01 2.922246301203359167e+02
4.646800000000000000e+04 7.087912087912088266e-01 2.927478891384139956e+02
4.646900000000000000e+04 7.142857142857143016e-01 2.943627575541061105e+02
4.647000000000000000e+04 7.197802197802197766e-01 2.958395446071370998e+02
4.647100000000000000e+04 7.252747252747252515e-01 2.969253162221648381e+02
4.647200000000000000e+04 7.307692307692307265e-01 2.978551011435310443e+02
4.647300000000000000e+04 7.362637362637363125e-01 2.989745653010635920e+02
4.647400000000000000e+04 7.417582417582417875e-01 3.000923309294490764e+02
4.647500000000000000e+04 7.472527472527472625e-01 3.008068937328470724e+02
4.647600000000000000e+04 7.527472527472527375e-01 3.018091910939131708e+02
4.647700000000000000e+04 7.582417582417582125e-01 3.031093449309647667e+02
4.647800000000000000e+04 7.637362637362636875e-01 3.044103445466449784e+02
4.647900000000000000e+04 7.692307692307692735e-01 3.058397500174614265e+02
4.648000000000000000e+04 7.747252747252747485e-01 3.072896465654951044e+02
4.648100000000000000e+04 7.802197802197802234e-01 3.088196465654950771e+02
4.648200000000000000e+04 7.857142857142856984e-01 3.104817235793545365e+02
4.648300000000000000e+04 7.912087912087911734e-01 3.119215499577766195e+02
4.648400000000000000e+04 7.967032967032966484e-01 3.127417938239530031e+02
4.648500000000000000e+04 8.021978021978022344e-01 3.141781085526945958e+02
4.648600000000000000e+04 8.076923076923077094e-01 3.157292049391257933e+02
4.648700000000000000e+04 8.131868131868131844e-01 3.163624505470853023e+02
4.648800000000000000e+04 8.186813186813186594e-01 3.172463623073871872e+02
4.648900000000000000e+04 8.241758241758241343e-01 3.181379339534145743e+02
4.649000000000000000e+04 8.296703296703297204e-01 3.191357816371819922e+02
4.649100000000000000e+04 8.351648351648351953e-01 3.198542522350493869e+02
4.649200000000000000e+04 8.406593406593406703e-01 3.205642522350493664e+02
4.649300000000000000e+04 8.461538461538461453e-01 3.210875112531274453e+02
4.649400000000000000e+04 8.516483516483516203e-01 3.220572019254555016e+02
4.649500000000000000e+04 8.571428571428570953e-01 3.229227075580195105e+02
4.649600000000000000e+04 8.626373626373626813e-01 3.237872305478815633e+02
4.649700000000000000e+04 8.681318681318681563e-01 3.245884171678397365e+02
4.649800000000000000e+04 8.736263736263736313e-01 3.264961383214678108e+02
4.649900000000000000e+04 8.791208791208791062e-01 3.280300874731674412e+02
4.650000000000000000e+04 8.846153846153845812e-01 3.285876715475454830e+02
4.650100000000000000e+04 8.901098901098900562e-01 3.301017719405181765e+02
4.650200000000000000e+04 8.956043956043956422e-01 3.308465537877727911e+02
4.650300000000000000e+04 9.010989010989011172e-01 3.320608848793619359e+02
4.650400000000000000e+04 9.065934065934065922e-01 3.329096486863188602e+02
4.650500000000000000e+04 9.120879120879120672e-01 3.345089297748083368e+02
4.650600000000000000e+04 9.175824175824175422e-01 3.356684555399381793e+02
4.650700000000000000e+04 9.230769230769231282e-01 3.367763815302462262e+02
4.650800000000000000e+04 9.285714285714286031e-01 3.386140158790762484e+02
4.650900000000000000e+04 9.340659340659340781e-01 3.396885855603905497e+02
4.651000000000000000e+04 9.395604395604395531e-01 3.406856311962568498e+02
4.651100000000000000e+04 9.450549450549450281e-01 3.415839073230686722e+02
4.651200000000000000e+04 9.505494505494505031e-01 3.425211906313591612e+02
4.651300000000000000e+04 9.560439560439560891e-01 3.435255809937183358e+02
4.651400000000000000e+04 9.615384615384615641e-01 3.444832865852233681e+02
4.651500000000000000e+04 9.670329670329670391e-01 3.452376074718492305e+02
4.651600000000000000e+04 9.725274725274725141e-01 3.461032286361006527e+02
4.651700000000000000e+04 9.780219780219779890e-01 3.473641013497398831e+02
4.651800000000000000e+04 9.835164835164834640e-01 3.484279152432382034e+02
4.651900000000000000e+04 9.890109890109890500e-01 3.496040529902729759e+02
4.652000000000000000e+04 9.945054945054945250e-01 3.507549222269806251e+02
4.652100000000000000e+04 5.000000000000000000e-01 3.513356975708098844e+02
4.652200000000000000e+04 1.666666666666666574e-01 3.519260364565357122e+02
4.652300000000000000e+04 3.333333333333333148e-01 3.534981051573245736e+02
4.652400000000000000e+04 5.000000000000000000e-01 3.547341067754464916e+02
4.652500000000000000e+04 6.666666666666666297e-01 3.558482880892370304e+02
4.652600000000000000e+04 8.333333333333333703e-01 3.566900719094664396e+02
4.652700000000000000e+04 9.090909090909091161e-02 3.572336710264635258e+02
4.652800000000000000e+04 1.818181818181818232e-01 3.578923059784665384e+02
4.652900000000000000e+04 2.727272727272727071e-01 3.583944015868918314e+02
4.653000000000000000e+04 3.636363636363636465e-01 3.590463218274121004e+02
4.653100000000000000e+04 4.545454545454545303e-01 3.596263218274120845e+02
4.653200000000000000e+04 5.454545454545454142e-01 3.608525762871389588e+02
4.653300000000000000e+04 6.363636363636363535e-01 3.623975358335349028e+02
4.653400000000000000e+04 7.272727272727272929e-01 3.631801596256598259e+02
4.653500000000000000e+04 8.181818181818182323e-01 3.638713180734849288e+02
4.653600000000000000e+04 9.090909090909090606e-01 3.651913559517293493e+02
4.653700000000000000e+04 1.250000000000000000e-01 3.662806217595099838e+02
4.653800000000000000e+04 2.500000000000000000e-01 3.669580433416875849e+02
4.653900000000000000e+04 3.750000000000000000e-01 3.681425263512744550e+02
4.654000000000000000e+04 5.000000000000000000e-01 3.689316397778488863e+02
4.654100000000000000e+04 6.250000000000000000e-01 3.695116397778488704e+02
4.654200000000000000e+04 7.500000000000000000e-01 3.699816397778488408e+02
4.654300000000000000e+04 8.750000000000000000e-01 3.708250258104578734e+02
4.654400000000000000e+04 5.000000000000000000e-01 3.727056905865410386e+02
4.654500000000000000e+04 5.000000000000000000e-01 3.740325666169221677e+02
4.654600000000000000e+04 3.846153846153846367e-02 3.748051596533908878e+02
4.654700000000000000e+04 7.692307692307692735e-02 3.761928916159831147e+02
4.654800000000000000e+04 1.153846153846153910e-01 3.768100625809514668e+02
4.654900000000000000e+04 1.538461538461538547e-01 3.776832177790691958e+02
4.655000000000000000e+04 1.923076923076923184e-01 3.783201636166409685e+02
4.655100000000000000e+04 2.307692307692307820e-01 3.790303748528235701e+02
4.655200000000000000e+04 2.692307692307692180e-01 3.798676322803809171e+02
4.655300000000000000e+04 3.076923076923077094e-01 3.808818314718615738e+02
4.655400000000000000e+04 3.461538461538461453e-01 3.817105654460655728e+02
4.655500000000000000e+04 3.846153846153846367e-01 3.823382596391246011e+02
4.655600000000000000e+04 4.230769230769230727e-01 3.830662706280526209e+02
4.655700000000000000e+04 4.615384615384615641e-01 3.848437407403189354e+02
4.655800000000000000e+04 5.000000000000000000e-01 3.854497935432989948e+02
4.655900000000000000e+04 5.384615384615384359e-01 3.862340129003669063e+02
4.656000000000000000e+04 5.769230769230768718e-01 3.868243517860927341e+02
4.656100000000000000e+04 6.153846153846154188e-01 3.872943517860927614e+02
4.656200000000000000e+04 6.538461538461538547e-01 3.880492690000970697e+02
4.656300000000000000e+04 6.923076923076922906e-01 3.888035898867228752e+02
4.656400000000000000e+04 7.307692307692307265e-01 3.898608504979252416e+02
4.656500000000000000e+04 7.692307692307692735e-01 3.905520089457502877e+02
4.656600000000000000e+04 8.076923076923077094e-01 3.920237086433788818e+02
4.656700000000000000e+04 8.461538461538461453e-01 3.927237086433788704e+02
4.656800000000000000e+04 8.846153846153845812e-01 3.938018552011343445e+02
4.656900000000000000e+04 9.230769230769231282e-01 3.952092996938231408e+02
4.657000000000000000e+04 9.615384615384615641e-01 3.958739800681385077e+02
4.657100000000000000e+04 5.000000000000000000e-01 3.966655607652250524e+02
4.657200000000000000e+04 2.500000000000000000e-01 3.972555607652250274e+02
4.657300000000000000e+04 5.000000000000000000e-01 3.978100875905454927e+02
4.657400000000000000e+04 7.500000000000000000e-01 3.988610395399703634e+02
4.657500000000000000e+04 2.500000000000000000e-01 3.970873426994043029e+02
4.657600000000000000e+04 5.000000000000000000e-01 3.976894224283439030e+02
4.657700000000000000e+04 7.500000000000000000e-01 3.981594224283438734e+02
4.657800000000000000e+04 3.333333333333333148e-01 3.962063954709104223e+02
4.657900000000000000e+04 6.666666666666666297e-01 3.967923988838697369e+02
4.658000000000000000e+04 2.000000000000000111e-01 3.745602976090005427e+02
4.658100000000000000e+04 4.000000000000000222e-01 3.753802976090005359e+02
4.658200000000000000e+04 5.999999999999999778e-01 3.762957756262134126e+02
4.658300000000000000e+04 8.000000000000000444e-01 3.768978553551530126e+02
4.658400000000000000e+04 1.666666666666666574e-01 3.729651130219625088e+02
4.658500000000000000e+04 3.333333333333333148e-01 3.739811346752750865e+02
4.658600000000000000e+04 5.000000000000000000e-01 3.745714735610009143e+02
4.658700000000000000e+04 6.666666666666666297e-01 3.755737210354302533e+02
4.658800000000000000e+04 8.333333333333333703e-01 3.765114310119155334e+02
4.658900000000000000e+04 3.333333333333333148e-01 3.712438336422853240e+02
4.659000000000000000e+04 6.666666666666666297e-01 3.719538336422853035e+02
4.659100000000000000e+04 8.333333333333332871e-02 3.659854592195730447e+02
4.659200000000000000e+04 1.666666666666666574e-01 3.671756692850656805e+02
4.659300000000000000e+04 2.500000000000000000e-01 3.675781615210156588e+02
4.659400000000000000e+04 3.333333333333333148e-01 3.680731362678462233e+02
4.659500000000000000e+04 4.166666666666666852e-01 3.687378166421615902e+02
4.659600000000000000e+04 5.000000000000000000e-01 3.694378166421615788e+02
4.659700000000000000e+04 5.833333333333333703e-01 3.699610756602396009e+02
4.659800000000000000e+04 6.666666666666666297e-01 3.706328643174823583e+02
4.659900000000000000e+04 7.500000000000000000e-01 3.712232032032081861e+02
4.660000000000000000e+04 8.333333333333333703e-01 3.718152336078327949e+02
4.660100000000000000e+04 9.166666666666666297e-01 3.731551589788889487e+02
4.660200000000000000e+04 3.125000000000000000e-02 3.572902385529914113e+02
4.660300000000000000e+04 6.250000000000000000e-02 3.581175837046663446e+02
4.660400000000000000e+04 9.375000000000000000e-02 3.587159982766814323e+02
4.660500000000000000e+04 1.250000000000000000e-01 3.594880086393062015e+02
4.660600000000000000e+04 1.562500000000000000e-01 3.603396541054480622e+02
4.660700000000000000e+04 1.875000000000000000e-01 3.611222778975729852e+02
4.660800000000000000e+04 2.187500000000000000e-01 3.621869844299095007e+02
4.660900000000000000e+04 2.500000000000000000e-01 3.628202300378690097e+02
4.661000000000000000e+04 2.812500000000000000e-01 3.637806466141524311e+02
4.661100000000000000e+04 3.125000000000000000e-01 3.646093805883564301e+02
4.661200000000000000e+04 3.437500000000000000e-01 3.654610260544982907e+02
4.661300000000000000e+04 3.750000000000000000e-01 3.659310260544982611e+02
4.661400000000000000e+04 4.062500000000000000e-01 3.667372518293281018e+02
4.661500000000000000e+04 4.375000000000000000e-01 3.672223291427534946e+02
4.661600000000000000e+04 4.687500000000000000e-01 3.681625418846369371e+02
4.661700000000000000e+04 5.000000000000000000e-01 3.693129331224338898e+02
4.661800000000000000e+04 5.312500000000000000e-01 3.701515629573431738e+02
4.661900000000000000e+04 5.625000000000000000e-01 3.709789081090181071e+02
4.662000000000000000e+04 5.937500000000000000e-01 3.714639854224434998e+02
4.662100000000000000e+04 6.250000000000000000e-01 3.724317147234363006e+02
4.662200000000000000e+04 6.562500000000000000e-01 3.727817147234362665e+02
4.662300000000000000e+04 6.875000000000000000e-01 3.732769924233178358e+02
4.662400000000000000e+04 7.187500000000000000e-01 3.737013743267962695e+02
4.662500000000000000e+04 7.500000000000000000e-01 3.741434150489022841e+02
4.662600000000000000e+04 7.812500000000000000e-01 3.746666740669803630e+02
4.662700000000000000e+04 8.125000000000000000e-01 3.751366740669803903e+02
4.662800000000000000e+04 8.437500000000000000e-01 3.759082309346188140e+02
4.662900000000000000e+04 8.750000000000000000e-01 3.761765590919187616e+02
4.663000000000000000e+04 9.062500000000000000e-01 3.769591828840436847e+02
4.663100000000000000e+04 9.375000000000000000e-01 3.776036982058165563e+02
4.663200000000000000e+04 9.687500000000000000e-01 3.786067435686990166e+02
4.663300000000000000e+04 3.333333333333333148e-01 3.519377772997494844e+02
4.663400000000000000e+04 6.666666666666666297e-01 3.522877772997495072e+02
4.663500000000000000e+04 3.333333333333333148e-01 3.511793041304591156e+02
4.663600000000000000e+04 6.666666666666666297e-01 3.520179339653683996e+02
