4.353500000000000000e+04 2.916666666666666852e-01 1.201186058862886910e+02
4.353600000000000000e+04 3.333333333333333148e-01 1.211861263778952917e+02
4.353700000000000000e+04 3.750000000000000000e-01 1.223219960887336413e+02
4.353800000000000000e+04 4.166666666666666852e-01 1.229612143613135089e+02
4.353900000000000000e+04 4.583333333333333148e-01 1.241695189586729668e+02
4.354000000000000000e+04 5.000000000000000000e-01 1.253191710799687968e+02
4.354100000000000000e+04 5.416666666666666297e-01 1.262565610735147033e+02
4.354200000000000000e+04 5.833333333333333703e-01 1.273065610735147004e+02
4.354300000000000000e+04 6.250000000000000000e-01 1.289428067763356296e+02
4.354400000000000000e+04 6.666666666666666297e-01 1.298991539936160393e+02
4.354500000000000000e+04 7.083333333333333703e-01 1.316350399345695337e+02
4.354600000000000000e+04 7.500000000000000000e-01 1.327395760362882697e+02
4.354700000000000000e+04 7.916666666666666297e-01 1.340351454091896244e+02
4.354800000000000000e+04 8.333333333333333703e-01 1.345202227226150171e+02
4.354900000000000000e+04 8.750000000000000000e-01 1.352665470488968253e+02
4.355000000000000000e+04 9.166666666666666297e-01 1.362367016757476108e+02
4.355100000000000000e+04 9.583333333333333703e-01 1.369830260020294190e+02
4.372800000000000000e+04 7.812500000000000000e-01 1.208759777929307546e+02
4.372900000000000000e+04 7.968750000000000000e-01 1.225529095148562391e+02
4.373000000000000000e+04 8.125000000000000000e-01 1.236324001354732189e+02
4.373100000000000000e+04 8.281250000000000000e-01 1.247170659826353756e+02
4.373200000000000000e+04 8.437500000000000000e-01 1.252970659826353597e+02
4.373300000000000000e+04 8.593750000000000000e-01 1.259882244304604626e+02
4.373400000000000000e+04 8.750000000000000000e-01 1.271633839940942607e+02
4.373500000000000000e+04 8.906250000000000000e-01 1.282337577605889578e+02
4.373600000000000000e+04 9.062500000000000000e-01 1.301077108016227726e+02
4.373700000000000000e+04 9.218750000000000000e-01 1.321069106415587555e+02
4.373800000000000000e+04 9.375000000000000000e-01 1.339547472144190294e+02
4.373900000000000000e+04 9.531250000000000000e-01 1.347834811886230568e+02
4.374000000000000000e+04 9.687500000000000000e-01 1.352415204882470050e+02
4.374100000000000000e+04 9.843750000000000000e-01 1.359415204882470221e+02
4.381700000000000000e+04 4.687500000000000000e-02 1.215218760630317973e+02
4.381800000000000000e+04 6.250000000000000000e-02 1.229912296624080739e+02
4.381900000000000000e+04 7.812500000000000000e-02 1.243675290484429468e+02
4.382000000000000000e+04 9.375000000000000000e-02 1.250294202781778665e+02
4.382100000000000000e+04 1.093750000000000000e-01 1.256626658861373755e+02
4.382200000000000000e+04 1.250000000000000000e-01 1.264512722518230419e+02
4.382300000000000000e+04 1.406250000000000000e-01 1.273056726263548200e+02
4.382400000000000000e+04 1.562500000000000000e-01 1.279389182343143290e+02
4.382500000000000000e+04 1.718750000000000000e-01 1.294253232935091660e+02
4.382600000000000000e+04 1.875000000000000000e-01 1.301353232935091455e+02
4.382700000000000000e+04 2.031250000000000000e-01 1.311128712462971464e+02
4.382800000000000000e+04 2.187500000000000000e-01 1.320004522285179291e+02
4.382900000000000000e+04 2.343750000000000000e-01 1.333458889605867341e+02
4.383000000000000000e+04 2.500000000000000000e-01 1.345178957865054201e+02
4.383100000000000000e+04 2.656250000000000000e-01 1.354333738037182968e+02
4.383200000000000000e+04 2.812500000000000000e-01 1.361876946903441308e+02
4.383300000000000000e+04 2.968750000000000000e-01 1.370308435502733744e+02
4.383400000000000000e+04 3.125000000000000000e-01 1.378746444746625457e+02
4.383500000000000000e+04 3.281250000000000000e-01 1.389593103218247165e+02
4.383600000000000000e+04 3.437500000000000000e-01 1.406408274939047374e+02
4.383700000000000000e+04 3.593750000000000000e-01 1.418718027170509970e+02
4.383800000000000000e+04 3.750000000000000000e-01 1.432911687727251433e+02
4.383900000000000000e+04 3.906250000000000000e-01 1.439823272205502462e+02
4.384000000000000000e+04 4.062500000000000000e-01 1.446597488027278473e+02
4.384100000000000000e+04 4.218750000000000000e-01 1.451448261161532400e+02
4.384200000000000000e+04 4.375000000000000000e-01 1.461199671315966384e+02
4.384300000000000000e+04 4.531250000000000000e-01 1.472549561183273568e+02
4.384400000000000000e+04 4.687500000000000000e-01 1.487623047840314712e+02
4.384500000000000000e+04 4.843750000000000000e-01 1.496645796867080378e+02
4.384600000000000000e+04 5.000000000000000000e-01 1.501459319485703929e+02
4.384700000000000000e+04 5.156250000000000000e-01 1.509732771002452978e+02
4.384800000000000000e+04 5.312500000000000000e-01 1.517423674720482438e+02
4.384900000000000000e+04 5.468750000000000000e-01 1.524966883586740778e+02
4.385000000000000000e+04 5.625000000000000000e-01 1.532167577997698800e+02
4.385100000000000000e+04 5.781250000000000000e-01 1.541271972540994852e+02
4.385200000000000000e+04 5.937500000000000000e-01 1.556688197759899879e+02
4.385300000000000000e+04 6.093750000000000000e-01 1.568748048505244981e+02
4.385400000000000000e+04 6.250000000000000000e-01 1.579598854926889544e+02
4.385500000000000000e+04 6.406250000000000000e-01 1.588142858672207183e+02
4.385600000000000000e+04 6.562500000000000000e-01 1.600374375340225015e+02
4.385700000000000000e+04 6.718750000000000000e-01 1.606174375340225140e+02
4.385800000000000000e+04 6.875000000000000000e-01 1.615853218246275276e+02
4.385900000000000000e+04 7.031250000000000000e-01 1.623718331087169702e+02
4.386000000000000000e+04 7.187500000000000000e-01 1.630820443448995434e+02
4.386100000000000000e+04 7.343750000000000000e-01 1.637467247192149102e+02
4.386200000000000000e+04 7.500000000000000000e-01 1.647992455028576728e+02
4.386300000000000000e+04 7.656250000000000000e-01 1.653269764949360479e+02
4.386400000000000000e+04 7.812500000000000000e-01 1.665200397790915758e+02
4.386500000000000000e+04 7.968750000000000000e-01 1.675099892727527617e+02
4.386600000000000000e+04 8.125000000000000000e-01 1.684937067118581240e+02
4.386700000000000000e+04 8.281250000000000000e-01 1.690169657299361745e+02
4.386800000000000000e+04 8.437500000000000000e-01 1.696190454588758030e+02
4.386900000000000000e+04 8.593750000000000000e-01 1.702773766825011137e+02
4.387000000000000000e+04 8.750000000000000000e-01 1.713871964876947231e+02
4.387100000000000000e+04 8.906250000000000000e-01 1.720697651655579818e+02
4.387200000000000000e+04 9.062500000000000000e-01 1.737161247860540811e+02
4.387300000000000000e+04 9.218750000000000000e-01 1.754888345761776804e+02
4.387400000000000000e+04 9.375000000000000000e-01 1.768652429458122128e+02
4.387500000000000000e+04 9.531250000000000000e-01 1.782553868232579930e+02
4.387600000000000000e+04 9.687500000000000000e-01 1.792597771856171676e+02
4.387700000000000000e+04 9.843750000000000000e-01 1.803353700453926649e+02
