5.539300000000000000e+04 5.000000000000000000e-01 1.207039544021551762e+02
5.539400000000000000e+04 7.500000000000000000e-01 1.212899578151145192e+02
5.539500000000000000e+04 5.555555555555555247e-02 1.221493762231091296e+02
5.539600000000000000e+04 1.111111111111111049e-01 1.238439853225772112e+02
5.539700000000000000e+04 1.666666666666666574e-01 1.253226671680057649e+02
5.539800000000000000e+04 2.222222222222222099e-01 1.274930588377280714e+02
5.539900000000000000e+04 2.777777777777777901e-01 1.287314448841610783e+02
5.540000000000000000e+04 3.333333333333333148e-01 1.306897604869176917e+02
5.540100000000000000e+04 3.888888888888888951e-01 1.331787361798484142e+02
5.540200000000000000e+04 4.444444444444444198e-01 1.344091426167626651e+02
5.540300000000000000e+04 5.000000000000000000e-01 1.361155130337589299e+02
5.540400000000000000e+04 5.555555555555555802e-01 1.383823610657187260e+02
5.540500000000000000e+04 6.111111111111111605e-01 1.396201413370108639e+02
5.540600000000000000e+04 6.666666666666666297e-01 1.413139536052389360e+02
5.540700000000000000e+04 7.222222222222222099e-01 1.431373844374889472e+02
5.540800000000000000e+04 7.777777777777777901e-01 1.451153884819742075e+02
5.540900000000000000e+04 8.333333333333333703e-01 1.466629026176123887e+02
5.541000000000000000e+04 8.888888888888888395e-01 1.485508909650340854e+02
5.541100000000000000e+04 9.444444444444444198e-01 1.496378132253636579e+02
5.541200000000000000e+04 3.333333333333333148e-01 1.513242295440702776e+02
5.541300000000000000e+04 6.666666666666666297e-01 1.527608227363136564e+02
5.541400000000000000e+04 5.000000000000000000e-01 1.536866196902943784e+02
5.541500000000000000e+04 2.500000000000000000e-01 1.545901129110769148e+02
5.541600000000000000e+04 5.000000000000000000e-01 1.562424445969075748e+02
5.541700000000000000e+04 7.500000000000000000e-01 1.569692182893318488e+02
5.541800000000000000e+04 9.803921568627450844e-03 1.588524336248683824e+02
5.541900000000000000e+04 1.960784313725490169e-02 1.600714906374809914e+02
5.542000000000000000e+04 2.941176470588235253e-02 1.614321154939348162e+02
5.542100000000000000e+04 3.921568627450980338e-02 1.628658867448671117e+02
5.542200000000000000e+04 4.901960784313725422e-02 1.647790777964874280e+02
5.542300000000000000e+04 5.882352941176470507e-02 1.660102560938919680e+02
5.542400000000000000e+04 6.862745098039216285e-02 1.676500731568596620e+02
5.542500000000000000e+04 7.843137254901960675e-02 1.687591268075006212e+02
5.542600000000000000e+04 8.823529411764706454e-02 1.699676796611234977e+02
5.542700000000000000e+04 9.803921568627450844e-02 1.710527603032879256e+02
5.542800000000000000e+04 1.078431372549019662e-01 1.723632563925609986e+02
5.542900000000000000e+04 1.176470588235294101e-01 1.734634381957190215e+02
5.543000000000000000e+04 1.274509803921568540e-01 1.743975688075715595e+02
5.543100000000000000e+04 1.372549019607843257e-01 1.753707080576277804e+02
5.543200000000000000e+04 1.470588235294117696e-01 1.775380335984729925e+02
5.543300000000000000e+04 1.568627450980392135e-01 1.802908685008963232e+02
5.543400000000000000e+04 1.666666666666666574e-01 1.824523726068373435e+02
5.543500000000000000e+04 1.764705882352941291e-01 1.846573215858389005e+02
5.543600000000000000e+04 1.862745098039215730e-01 1.864584601146589478e+02
5.543700000000000000e+04 1.960784313725490169e-01 1.883357187542715110e+02
5.543800000000000000e+04 2.058823529411764608e-01 1.907787701249962709e+02
5.543900000000000000e+04 2.156862745098039325e-01 1.919233661235914212e+02
5.544000000000000000e+04 2.254901960784313764e-01 1.940451106888018273e+02
5.544100000000000000e+04 2.352941176470588203e-01 1.954839296489215599e+02
5.544200000000000000e+04 2.450980392156862642e-01 1.969905815662534962e+02
5.544300000000000000e+04 2.549019607843137081e-01 1.994815452351977285e+02
5.544400000000000000e+04 2.647058823529411797e-01 2.004353796023705456e+02
5.544500000000000000e+04 2.745098039215686514e-01 2.021836644761825994e+02
5.544600000000000000e+04 2.843137254901960675e-01 2.041285809268302671e+02
5.544700000000000000e+04 2.941176470588235392e-01 2.060827303581686181e+02
5.544800000000000000e+04 3.039215686274509554e-01 2.078685354987144933e+02
5.544900000000000000e+04 3.137254901960784270e-01 2.093203619346220421e+02
5.545000000000000000e+04 3.235294117647058987e-01 2.107058221469702914e+02
5.545100000000000000e+04 3.333333333333333148e-01 2.129951451910162632e+02
5.545200000000000000e+04 3.431372549019607865e-01 2.145739105314009407e+02
5.545300000000000000e+04 3.529411764705882582e-01 2.153596585826234673e+02
5.545400000000000000e+04 3.627450980392156743e-01 2.168881218631768490e+02
5.545500000000000000e+04 3.725490196078431460e-01 2.182722100106587959e+02
5.545600000000000000e+04 3.823529411764705621e-01 2.194378428859673136e+02
5.545700000000000000e+04 3.921568627450980338e-01 2.208431542393691132e+02
5.545800000000000000e+04 4.019607843137255054e-01 2.226997640529810099e+02
5.545900000000000000e+04 4.117647058823529216e-01 2.238490681902745223e+02
5.546000000000000000e+04 4.215686274509803932e-01 2.265488829987382360e+02
5.546100000000000000e+04 4.313725490196078649e-01 2.275698629201862389e+02
5.546200000000000000e+04 4.411764705882352811e-01 2.295740834669325352e+02
5.546300000000000000e+04 4.509803921568627527e-01 2.304252591244791972e+02
5.546400000000000000e+04 4.607843137254901689e-01 2.321217555141010678e+02
5.546500000000000000e+04 4.705882352941176405e-01 2.339169992301463310e+02
5.546600000000000000e+04 4.803921568627451122e-01 2.356873664236968580e+02
5.546700000000000000e+04 4.901960784313725283e-01 2.371881995256772200e+02
5.546800000000000000e+04 5.000000000000000000e-01 2.390999264936305337e+02
5.546900000000000000e+04 5.098039215686274161e-01 2.407695671735374390e+02
5.547000000000000000e+04 5.196078431372549433e-01 2.440284780345460547e+02
5.547100000000000000e+04 5.294117647058823595e-01 2.453970539367159063e+02
5.547200000000000000e+04 5.392156862745097756e-01 2.475666161045276397e+02
5.547300000000000000e+04 5.490196078431373028e-01 2.493953041588441977e+02
5.547400000000000000e+04 5.588235294117647189e-01 2.511178023446197187e+02
5.547500000000000000e+04 5.686274509803921351e-01 2.531702399197970976e+02
5.547600000000000000e+04 5.784313725490196623e-01 2.541323729667298039e+02
5.547700000000000000e+04 5.882352941176470784e-01 2.546810076357036223e+02
5.547800000000000000e+04 5.980392156862744946e-01 2.553060676328239254e+02
5.547900000000000000e+04 6.078431372549019107e-01 2.563243996022719671e+02
5.548000000000000000e+04 6.176470588235294379e-01 2.576566533318595020e+02
5.548100000000000000e+04 6.274509803921568540e-01 2.584109742184853644e+02
5.548200000000000000e+04 6.372549019607842702e-01 2.600794465736653933e+02
5.548300000000000000e+04 6.470588235294117974e-01 2.614962034335393355e+02
5.548400000000000000e+04 6.568627450980392135e-01 2.629599315503697881e+02
5.548500000000000000e+04 6.666666666666666297e-01 2.646295722302767217e+02
5.548600000000000000e+04 6.764705882352941568e-01 2.657038626937920185e+02
5.548700000000000000e+04 6.862745098039215730e-01 2.670477376879786107e+02
5.548800000000000000e+04 6.960784313725489891e-01 2.677898293265246821e+02
5.548900000000000000e+04 7.058823529411765163e-01 2.688219630387926031e+02
5.549000000000000000e+04 7.156862745098039325e-01 2.701474818051629541e+02
5.549100000000000000e+04 7.254901960784313486e-01 2.713337785639885169e+02
5.549200000000000000e+04 7.352941176470588758e-01 2.725138633067082878e+02
5.549300000000000000e+04 7.450980392156862919e-01 2.738697762832669014e+02
5.549400000000000000e+04 7.549019607843137081e-01 2.752469109898225383e+02
5.549500000000000000e+04 7.647058823529411242e-01 2.763867794032808547e+02
5.549600000000000000e+04 7.745098039215686514e-01 2.781447896421589121e+02
5.549700000000000000e+04 7.843137254901960675e-01 2.791713859600950514e+02
5.549800000000000000e+04 7.941176470588234837e-01 2.801784609324779467e+02
5.549900000000000000e+04 8.039215686274510109e-01 2.815176397853575736e+02
5.550000000000000000e+04 8.137254901960784270e-01 2.826451591865210276e+02
5.550100000000000000e+04 8.235294117647058432e-01 2.842594701850587740e+02
5.550200000000000000e+04 8.333333333333333703e-01 2.854993492114157903e+02
5.550300000000000000e+04 8.431372549019607865e-01 2.865851668756670279e+02
5.550400000000000000e+04 8.529411764705882026e-01 2.877633434328943736e+02
5.550500000000000000e+04 8.627450980392157298e-01 2.888414899906498476e+02
5.550600000000000000e+04 8.725490196078431460e-01 2.900194967818017631e+02
5.550700000000000000e+04 8.823529411764705621e-01 2.910346322407431217e+02
5.550800000000000000e+04 8.921568627450980893e-01 2.924588864315390992e+02
5.550900000000000000e+04 9.019607843137255054e-01 2.937293194285916798e+02
5.551000000000000000e+04 9.117647058823529216e-01 2.948536414465207258e+02
5.551100000000000000e+04 9.215686274509803377e-01 2.969753860117311319e+02
5.551200000000000000e+04 9.313725490196078649e-01 2.979050633751212445e+02
5.551300000000000000e+04 9.411764705882352811e-01 2.988205413923340643e+02
5.551400000000000000e+04 9.509803921568626972e-01 2.999033156070252062e+02
5.551500000000000000e+04 9.607843137254902244e-01 3.008693901383115303e+02
5.551600000000000000e+04 9.705882352941176405e-01 3.022497524096011716e+02
5.551700000000000000e+04 9.803921568627450567e-01 3.039939427661850004e+02
5.551800000000000000e+04 9.901960784313725839e-01 3.051796071369071797e+02
5.551900000000000000e+04 1.818181818181818094e-02 3.059998510030835632e+02
5.552000000000000000e+04 3.636363636363636187e-02 3.070032950722772398e+02
5.552100000000000000e+04 5.454545454545454281e-02 3.087135289744087459e+02
5.552200000000000000e+04 7.272727272727272374e-02 3.100368581095826244e+02
5.552300000000000000e+04 9.090909090909091161e-02 3.112012463609833048e+02
5.552400000000000000e+04 1.090909090909090856e-01 3.121539792721394520e+02
5.552500000000000000e+04 1.272727272727272596e-01 3.129147026121258364e+02
5.552600000000000000e+04 1.454545454545454475e-01 3.142853593890032471e+02
5.552700000000000000e+04 1.636363636363636354e-01 3.153336437015826732e+02
5.552800000000000000e+04 1.818181818181818232e-01 3.164782397001777667e+02
5.552900000000000000e+04 2.000000000000000111e-01 3.170485904694417059e+02
5.553000000000000000e+04 2.181818181818181712e-01 3.179938946532894875e+02
5.553100000000000000e+04 2.363636363636363591e-01 3.193668476750640366e+02
5.553200000000000000e+04 2.545454545454545192e-01 3.205690539801548198e+02
5.553300000000000000e+04 2.727272727272727071e-01 3.216463190357470125e+02
5.553400000000000000e+04 2.909090909090908950e-01 3.227142609817346965e+02
5.553500000000000000e+04 3.090909090909090828e-01 3.242687062203970072e+02
5.553600000000000000e+04 3.272727272727272707e-01 3.261810084977580573e+02
5.553700000000000000e+04 3.454545454545454586e-01 3.274511659683103630e+02
5.553800000000000000e+04 3.636363636363636465e-01 3.295118939950038452e+02
5.553900000000000000e+04 3.818181818181818343e-01 3.305678295991010032e+02
5.554000000000000000e+04 4.000000000000000222e-01 3.323140827308089911e+02
5.554100000000000000e+04 4.181818181818181546e-01 3.336646751933971586e+02
5.554200000000000000e+04 4.363636363636363424e-01 3.347122438069017676e+02
5.554300000000000000e+04 4.545454545454545303e-01 3.353023285465790764e+02
5.554400000000000000e+04 4.727272727272727182e-01 3.364167342177778437e+02
5.554500000000000000e+04 4.909090909090909061e-01 3.373813584969663566e+02
5.554600000000000000e+04 5.090909090909090384e-01 3.382147251629663742e+02
5.554700000000000000e+04 5.272727272727272263e-01 3.391711246610842068e+02
5.554800000000000000e+04 5.454545454545454142e-01 3.401054158362538828e+02
5.554900000000000000e+04 5.636363636363636020e-01 3.415290730983784329e+02
5.555000000000000000e+04 5.818181818181817899e-01 3.425303223181034582e+02
5.555100000000000000e+04 5.999999999999999778e-01 3.431410595774875674e+02
5.555200000000000000e+04 6.181818181818181657e-01 3.449627346308382130e+02
5.555300000000000000e+04 6.363636363636363535e-01 3.459741692555174382e+02
5.555400000000000000e+04 6.545454545454545414e-01 3.467109867363089961e+02
5.555500000000000000e+04 6.727272727272727293e-01 3.473479325738807688e+02
5.555600000000000000e+04 6.909090909090909172e-01 3.491709520471722499e+02
5.555700000000000000e+04 7.090909090909091050e-01 3.502230927221772845e+02
5.555800000000000000e+04 7.272727272727272929e-01 3.511630927221772822e+02
5.555900000000000000e+04 7.454545454545454808e-01 3.522783505399037267e+02
5.556000000000000000e+04 7.636363636363636687e-01 3.539145045668828402e+02
5.556100000000000000e+04 7.818181818181818565e-01 3.545925901072093893e+02
5.556200000000000000e+04 8.000000000000000444e-01 3.555170899720012017e+02
5.556300000000000000e+04 8.181818181818182323e-01 3.566398544174660401e+02
5.556400000000000000e+04 8.363636363636363091e-01 3.570586622492934907e+02
5.556500000000000000e+04 8.545454545454544970e-01 3.582366690404454062e+02
5.556600000000000000e+04 8.727272727272726849e-01 3.591376684855062535e+02
5.556700000000000000e+04 8.909090909090908728e-01 3.609712442270560473e+02
5.556800000000000000e+04 9.090909090909090606e-01 3.618319997091762730e+02
5.556900000000000000e+04 9.272727272727272485e-01 3.628435331984884442e+02
5.557000000000000000e+04 9.454545454545454364e-01 3.636351138955749320e+02
5.557100000000000000e+04 9.636363636363636243e-01 3.648070353946524165e+02
5.557200000000000000e+04 9.818181818181818121e-01 3.656358900260564724e+02
5.557300000000000000e+04 3.333333333333333148e-01 3.058073013299661511e+02
5.557400000000000000e+04 6.666666666666666297e-01 3.069740489462054711e+02
5.557500000000000000e+04 5.000000000000000000e-01 1.580192182893318318e+02
5.557600000000000000e+04 5.000000000000000000e-01 1.551096446373701383e+02
5.557700000000000000e+04 5.555555555555555247e-02 1.558468691621928031e+02
5.557800000000000000e+04 1.111111111111111049e-01 1.570169118964550989e+02
5.557900000000000000e+04 1.666666666666666574e-01 1.586036695969248456e+02
5.558000000000000000e+04 2.222222222222222099e-01 1.601426952627277274e+02
5.558100000000000000e+04 2.777777777777777901e-01 1.609181951015413858e+02
5.558200000000000000e+04 3.333333333333333148e-01 1.620849427177806490e+02
5.558300000000000000e+04 3.888888888888888951e-01 1.629907572683372337e+02
5.558400000000000000e+04 4.444444444444444198e-01 1.642665707343266774e+02
5.558500000000000000e+04 5.000000000000000000e-01 1.659755177785618230e+02
5.558600000000000000e+04 5.555555555555555802e-01 1.669897169700424797e+02
5.558700000000000000e+04 6.111111111111111605e-01 1.687830936733594456e+02
5.558800000000000000e+04 6.666666666666666297e-01 1.700287661824885390e+02
5.558900000000000000e+04 7.222222222222222099e-01 1.714080776049019050e+02
5.559000000000000000e+04 7.777777777777777901e-01 1.725848528595703897e+02
5.559100000000000000e+04 8.333333333333333703e-01 1.734889546237540401e+02
5.559200000000000000e+04 8.888888888888888395e-01 1.750346259989175906e+02
5.559300000000000000e+04 9.444444444444444198e-01 1.759953028436473801e+02
5.559400000000000000e+04 1.666666666666666574e-01 1.772437018183345856e+02
5.559500000000000000e+04 3.333333333333333148e-01 1.787299723186137328e+02
5.559600000000000000e+04 5.000000000000000000e-01 1.799255474940000568e+02
5.559700000000000000e+04 6.666666666666666297e-01 1.809227937023157153e+02
5.559800000000000000e+04 8.333333333333333703e-01 1.822966568687191398e+02
5.559900000000000000e+04 3.448275862068965469e-02 1.833194471698072903e+02
5.560000000000000000e+04 6.896551724137930939e-02 1.852172617023683472e+02
5.560100000000000000e+04 1.034482758620689641e-01 1.868965472647430204e+02
5.560200000000000000e+04 1.379310344827586188e-01 1.887918045032201633e+02
5.560300000000000000e+04 1.724137931034482873e-01 1.896533148049577449e+02
5.560400000000000000e+04 2.068965517241379282e-01 1.911289841446134972e+02
5.560500000000000000e+04 2.413793103448275967e-01 1.918902331183402339e+02
5.560600000000000000e+04 2.758620689655172376e-01 1.934150937677111699e+02
5.560700000000000000e+04 3.103448275862069061e-01 1.946383271877909067e+02
5.560800000000000000e+04 3.448275862068965747e-01 1.955766235162500948e+02
5.560900000000000000e+04 3.793103448275861878e-01 1.969546293217531172e+02
5.561000000000000000e+04 4.137931034482758563e-01 1.986772726394483186e+02
5.561100000000000000e+04 4.482758620689655249e-01 1.996882622536383280e+02
5.561200000000000000e+04 4.827586206896551935e-01 2.012677874987673761e+02
5.561300000000000000e+04 5.172413793103448620e-01 2.028561514369125121e+02
5.561400000000000000e+04 5.517241379310344751e-01 2.038051509100419878e+02
5.561500000000000000e+04 5.862068965517240882e-01 2.050749146675968859e+02
5.561600000000000000e+04 6.206896551724138122e-01 2.061847344727904954e+02
5.561700000000000000e+04 6.551724137931034253e-01 2.072356864222153945e+02
5.561800000000000000e+04 6.896551724137931494e-01 2.085460298886393957e+02
5.561900000000000000e+04 7.241379310344827624e-01 2.095070709907781179e+02
5.562000000000000000e+04 7.586206896551723755e-01 2.105819663345209563e+02
5.562100000000000000e+04 7.931034482758620996e-01 2.113314328114230136e+02
5.562200000000000000e+04 8.275862068965517127e-01 2.123418287734101852e+02
5.562300000000000000e+04 8.620689655172413257e-01 2.133836061008655633e+02
5.562400000000000000e+04 8.965517241379310498e-01 2.140767150389120843e+02
5.562500000000000000e+04 9.310344827586206629e-01 2.147633736149161905e+02
5.562600000000000000e+04 9.655172413793103869e-01 2.153556573307146493e+02
5.562700000000000000e+04 1.666666666666666574e-01 2.173521793065516192e+02
5.562800000000000000e+04 3.333333333333333148e-01 2.185383496147283040e+02
5.562900000000000000e+04 5.000000000000000000e-01 2.192157711969058766e+02
5.563000000000000000e+04 6.666666666666666297e-01 2.203004370440680475e+02
5.563100000000000000e+04 8.333333333333333703e-01 2.215237930838209763e+02
5.563200000000000000e+04 1.020408163265306041e-02 2.230484241867439152e+02
5.563300000000000000e+04 2.040816326530612082e-02 2.239028245612756507e+02
5.563400000000000000e+04 3.061224489795918297e-02 2.248597989600972653e+02
5.563500000000000000e+04 4.081632653061224164e-02 2.260642075286486659e+02
5.563600000000000000e+04 5.102040816326530726e-02 2.271083339577749314e+02
5.563700000000000000e+04 6.122448979591836593e-02 2.284769098599447545e+02
5.563800000000000000e+04 7.142857142857142461e-02 2.295431649888890320e+02
5.563900000000000000e+04 8.163265306122448328e-02 2.313819145640079569e+02
5.564000000000000000e+04 9.183673469387755584e-02 2.323921125644019412e+02
5.564100000000000000e+04 1.020408163265306145e-01 2.338351995333681259e+02
5.564200000000000000e+04 1.122448979591836732e-01 2.345913079911967714e+02
5.564300000000000000e+04 1.224489795918367319e-01 2.357790369164991660e+02
5.564400000000000000e+04 1.326530612244898044e-01 2.368953254096764454e+02
5.564500000000000000e+04 1.428571428571428492e-01 2.378654800365272308e+02
5.564600000000000000e+04 1.530612244897959218e-01 2.387800291057411357e+02
5.564700000000000000e+04 1.632653061224489666e-01 2.403649896730739499e+02
5.564800000000000000e+04 1.734693877551020391e-01 2.421231989893955188e+02
5.564900000000000000e+04 1.836734693877551117e-01 2.440447088124253128e+02
5.565000000000000000e+04 1.938775510204081565e-01 2.453249431659715469e+02
5.565100000000000000e+04 2.040816326530612290e-01 2.460109460814172735e+02
5.565200000000000000e+04 2.142857142857142738e-01 2.465386770734956201e+02
5.565300000000000000e+04 2.244897959183673464e-01 2.478793485470490907e+02
5.565400000000000000e+04 2.346938775510204189e-01 2.497180709295745089e+02
5.565500000000000000e+04 2.448979591836734637e-01 2.514193057752086986e+02
5.565600000000000000e+04 2.551020408163265363e-01 2.522379021348390040e+02
5.565700000000000000e+04 2.653061224489796088e-01 2.530205259269639555e+02
5.565800000000000000e+04 2.755102040816326259e-01 2.542188998252110821e+02
5.565900000000000000e+04 2.857142857142856984e-01 2.554431955411228614e+02
5.566000000000000000e+04 2.959183673469387710e-01 2.570008219404882652e+02
5.566100000000000000e+04 3.061224489795918435e-01 2.580958105249036407e+02
5.566200000000000000e+04 3.163265306122449161e-01 2.594511702557500143e+02
5.566300000000000000e+04 3.265306122448979331e-01 2.609016184623399681e+02
5.566400000000000000e+04 3.367346938775510057e-01 2.625898719978019926e+02
5.566500000000000000e+04 3.469387755102040782e-01 2.638661556653304956e+02
5.566600000000000000e+04 3.571428571428571508e-01 2.648682035683770550e+02
5.566700000000000000e+04 3.673469387755102233e-01 2.660278586895229864e+02
5.566800000000000000e+04 3.775510204081632404e-01 2.671988838813954317e+02
5.566900000000000000e+04 3.877551020408163129e-01 2.686501591826391291e+02
5.567000000000000000e+04 3.979591836734693855e-01 2.706031312766537553e+02
5.567100000000000000e+04 4.081632653061224580e-01 2.714076808400741925e+02
5.567200000000000000e+04 4.183673469387755306e-01 2.726976808400742129e+02
5.567300000000000000e+04 4.285714285714285476e-01 2.738103802604030079e+02
5.567400000000000000e+04 4.387755102040816202e-01 2.754408709840810161e+02
5.567500000000000000e+04 4.489795918367346927e-01 2.767299404158805487e+02
5.567600000000000000e+04 4.591836734693877653e-01 2.780935019289777870e+02
5.567700000000000000e+04 4.693877551020408379e-01 2.793243146685933311e+02
5.567800000000000000e+04 4.795918367346938549e-01 2.805475480886730679e+02
5.567900000000000000e+04 4.897959183673469274e-01 2.823635602031700955e+02
5.568000000000000000e+04 5.000000000000000000e-01 2.840426075521153280e+02
5.568100000000000000e+04 5.102040816326530726e-01 2.851733152950798740e+02
5.568200000000000000e+04 5.204081632653061451e-01 2.858835265312624756e+02
5.568300000000000000e+04 5.306122448979592177e-01 2.866270317430801242e+02
5.568400000000000000e+04 5.408163265306122902e-01 2.879604484071427919e+02
5.568500000000000000e+04 5.510204081632652517e-01 2.893064424635932710e+02
5.568600000000000000e+04 5.612244897959183243e-01 2.904877129660608830e+02
5.568700000000000000e+04 5.714285714285713969e-01 2.911979242022434846e+02
5.568800000000000000e+04 5.816326530612244694e-01 2.927234732837220008e+02
5.568900000000000000e+04 5.918367346938775420e-01 2.934729397606240582e+02
5.569000000000000000e+04 6.020408163265306145e-01 2.947888804887725769e+02
5.569100000000000000e+04 6.122448979591836871e-01 2.966094847840547573e+02
5.569200000000000000e+04 6.224489795918367596e-01 2.972681197360577698e+02
5.569300000000000000e+04 6.326530612244898322e-01 2.984919661316483257e+02
5.569400000000000000e+04 6.428571428571429047e-01 3.005217690777492408e+02
5.569500000000000000e+04 6.530612244897958663e-01 3.016253541447014754e+02
5.569600000000000000e+04 6.632653061224489388e-01 3.029228131999321363e+02
5.569700000000000000e+04 6.734693877551020114e-01 3.043758789245296157e+02
5.569800000000000000e+04 6.836734693877550839e-01 3.049978917861329819e+02
5.569900000000000000e+04 6.938775510204081565e-01 3.060488437355578526e+02
5.570000000000000000e+04 7.040816326530612290e-01 3.072711775688456441e+02
5.570100000000000000e+04 7.142857142857143016e-01 3.090140774512256030e+02
5.570200000000000000e+04 7.244897959183673741e-01 3.102117835921466735e+02
5.570300000000000000e+04 7.346938775510204467e-01 3.110751490999126645e+02
5.570400000000000000e+04 7.448979591836735192e-01 3.122070943282695907e+02
5.570500000000000000e+04 7.551020408163264808e-01 3.128930972437153173e+02
5.570600000000000000e+04 7.653061224489795533e-01 3.137218312179193731e+02
5.570700000000000000e+04 7.755102040816326259e-01 3.149248690394362029e+02
5.570800000000000000e+04 7.857142857142856984e-01 3.161613559985263464e+02
5.570900000000000000e+04 7.959183673469387710e-01 3.172744597672739246e+02
5.571000000000000000e+04 8.061224489795918435e-01 3.182899399492567909e+02
5.571100000000000000e+04 8.163265306122449161e-01 3.199633795209174991e+02
5.571200000000000000e+04 8.265306122448979886e-01 3.210143314703423698e+02
5.571300000000000000e+04 8.367346938775510612e-01 3.220019548803525140e+02
5.571400000000000000e+04 8.469387755102041337e-01 3.230050002432349743e+02
5.571500000000000000e+04 8.571428571428570953e-01 3.242181366741445459e+02
5.571600000000000000e+04 8.673469387755101678e-01 3.248101670787691546e+02
5.571700000000000000e+04 8.775510204081632404e-01 3.258521843530981528e+02
5.571800000000000000e+04 8.877551020408163129e-01 3.270427304462839402e+02
5.571900000000000000e+04 8.979591836734693855e-01 3.277100384711120569e+02
5.572000000000000000e+04 9.081632653061224580e-01 3.295449499131168523e+02
5.572100000000000000e+04 9.183673469387755306e-01 3.308405192860182069e+02
5.572200000000000000e+04 9.285714285714286031e-01 3.320002175226297823e+02
5.572300000000000000e+04 9.387755102040816757e-01 3.330406501249640314e+02
5.572400000000000000e+04 9.489795918367347483e-01 3.343921677904053809e+02
5.572500000000000000e+04 9.591836734693877098e-01 3.352998020779904209e+02
5.572600000000000000e+04 9.693877551020407823e-01 3.366791497498991248e+02
5.572700000000000000e+04 9.795918367346938549e-01 3.374617735420240479e+02
5.572800000000000000e+04 9.897959183673469274e-01 3.391305455456242726e+02
5.572900000000000000e+04 3.333333333333333148e-01 2.222813549624817426e+02
5.573000000000000000e+04 6.666666666666666297e-01 2.227763297093123072e+02
5.573100000000000000e+04 3.333333333333333148e-01 2.161051238076167067e+02
5.573200000000000000e+04 6.666666666666666297e-01 2.165239316394441573e+02
5.573300000000000000e+04 2.500000000000000000e-01 1.830334743495106977e+02
5.573400000000000000e+04 5.000000000000000000e-01 1.839208863169756114e+02
5.573500000000000000e+04 7.500000000000000000e-01 1.847640351769048834e+02
5.573600000000000000e+04 3.333333333333333148e-01 1.769417171292538455e+02
5.573700000000000000e+04 6.666666666666666297e-01 1.775713995889111061e+02
5.573800000000000000e+04 5.000000000000000000e-01 1.566381079179235201e+02
5.573900000000000000e+04 2.500000000000000000e-01 1.543334320329923059e+02
5.574000000000000000e+04 5.000000000000000000e-01 1.554929577981221485e+02
5.574100000000000000e+04 7.500000000000000000e-01 1.562755815902470999e+02
5.574200000000000000e+04 2.500000000000000000e-01 1.507974683465096177e+02
5.574300000000000000e+04 5.000000000000000000e-01 1.513251993385879643e+02
5.574400000000000000e+04 7.500000000000000000e-01 1.520715236648698010e+02
5.574500000000000000e+04 1.315789473684210453e-02 1.222870034509808050e+02
5.574600000000000000e+04 2.631578947368420907e-02 1.245670253806999170e+02
5.574700000000000000e+04 3.947368421052631360e-02 1.264101206034163170e+02
5.574800000000000000e+04 5.263157894736841813e-02 1.275455060005392482e+02
5.574900000000000000e+04 6.578947368421052266e-02 1.289529504932280304e+02
5.575000000000000000e+04 7.894736842105262720e-02 1.300893923087205906e+02
5.575100000000000000e+04 9.210526315789473173e-02 1.311700402624964568e+02
5.575200000000000000e+04 1.052631578947368363e-01 1.324903811275763701e+02
5.575300000000000000e+04 1.184210526315789408e-01 1.338788335034250849e+02
5.575400000000000000e+04 1.315789473684210453e-01 1.349342954875818066e+02
5.575500000000000000e+04 1.447368421052631637e-01 1.363335452865812556e+02
5.575600000000000000e+04 1.578947368421052544e-01 1.379125956341002848e+02
5.575700000000000000e+04 1.710526315789473728e-01 1.396127720955300902e+02
5.575800000000000000e+04 1.842105263157894635e-01 1.404568692463367938e+02
5.575900000000000000e+04 1.973684210526315819e-01 1.412394930384617169e+02
5.576000000000000000e+04 2.105263157894736725e-01 1.431538075371792047e+02
5.576100000000000000e+04 2.236842105263157909e-01 1.442898533109048742e+02
5.576200000000000000e+04 2.368421052631578816e-01 1.451188888951833746e+02
5.576300000000000000e+04 2.500000000000000000e-01 1.462669742578633532e+02
5.576400000000000000e+04 2.631578947368420907e-01 1.473777847727577921e+02
5.576500000000000000e+04 2.763157894736842368e-01 1.487507377945323697e+02
5.576600000000000000e+04 2.894736842105263275e-01 1.503370227626260487e+02
5.576700000000000000e+04 3.026315789473684181e-01 1.514564869201585680e+02
5.576800000000000000e+04 3.157894736842105088e-01 1.530048408848578561e+02
5.576900000000000000e+04 3.289473684210526550e-01 1.546591987663333327e+02
5.577000000000000000e+04 3.421052631578947456e-01 1.562094890617296414e+02
5.577100000000000000e+04 3.552631578947368363e-01 1.569312923590343871e+02
5.577200000000000000e+04 3.684210526315789269e-01 1.587257560672213117e+02
5.577300000000000000e+04 3.815789473684210731e-01 1.600675831797808826e+02
5.577400000000000000e+04 3.947368421052631637e-01 1.609960765830961691e+02
5.577500000000000000e+04 4.078947368421052544e-01 1.620869019586719162e+02
5.577600000000000000e+04 4.210526315789473450e-01 1.632669443307925121e+02
5.577700000000000000e+04 4.342105263157894912e-01 1.642451569866092314e+02
5.577800000000000000e+04 4.473684210526315819e-01 1.653153906059652911e+02
5.577900000000000000e+04 4.605263157894736725e-01 1.662772117951683697e+02
5.578000000000000000e+04 4.736842105263157632e-01 1.673017604762958115e+02
5.578100000000000000e+04 4.868421052631579093e-01 1.688249479237230730e+02
5.578200000000000000e+04 5.000000000000000000e-01 1.698586790299591200e+02
5.578300000000000000e+04 5.131578947368421462e-01 1.714386157375521691e+02
5.578400000000000000e+04 5.263157894736841813e-01 1.726247860457288539e+02
5.578500000000000000e+04 5.394736842105263275e-01 1.742667361058707627e+02
5.578600000000000000e+04 5.526315789473684736e-01 1.759342192392187485e+02
5.578700000000000000e+04 5.657894736842105088e-01 1.767828652195898087e+02
5.578800000000000000e+04 5.789473684210526550e-01 1.783396889090293200e+02
5.578900000000000000e+04 5.921052631578946901e-01 1.802839368356065677e+02
5.579000000000000000e+04 6.052631578947368363e-01 1.822037545352853556e+02
5.579100000000000000e+04 6.184210526315789824e-01 1.832067998981678443e+02
5.579200000000000000e+04 6.315789473684210176e-01 1.842150657361292190e+02
5.579300000000000000e+04 6.447368421052631637e-01 1.853404545578259786e+02
5.579400000000000000e+04 6.578947368421053099e-01 1.871208758562831633e+02
5.579500000000000000e+04 6.710526315789473450e-01 1.887570298832622768e+02
5.579600000000000000e+04 6.842105263157894912e-01 1.901896847614517014e+02
5.579700000000000000e+04 6.973684210526315264e-01 1.912129149408346223e+02
5.579800000000000000e+04 7.105263157894736725e-01 1.923067613651556940e+02
5.579900000000000000e+04 7.236842105263158187e-01 1.935463177374114991e+02
5.580000000000000000e+04 7.368421052631578538e-01 1.948166326589958999e+02
5.580100000000000000e+04 7.500000000000000000e-01 1.960531196180860434e+02
5.580200000000000000e+04 7.631578947368421462e-01 1.968288773122148143e+02
5.580300000000000000e+04 7.763157894736841813e-01 1.974396145715989235e+02
5.580400000000000000e+04 7.894736842105263275e-01 1.984300185295877839e+02
5.580500000000000000e+04 8.026315789473684736e-01 1.998187229617834930e+02
5.580600000000000000e+04 8.157894736842105088e-01 2.009542404649511127e+02
5.580700000000000000e+04 8.289473684210526550e-01 2.023256630839858303e+02
5.580800000000000000e+04 8.421052631578946901e-01 2.032933923849786311e+02
5.580900000000000000e+04 8.552631578947368363e-01 2.055808582317181958e+02
5.581000000000000000e+04 8.684210526315789824e-01 2.069711459717202331e+02
5.581100000000000000e+04 8.815789473684210176e-01 2.080993746719401827e+02
5.581200000000000000e+04 8.947368421052631637e-01 2.095363854582601846e+02
5.581300000000000000e+04 9.078947368421053099e-01 2.110582593032289367e+02
5.581400000000000000e+04 9.210526315789473450e-01 2.122822691071112331e+02
5.581500000000000000e+04 9.342105263157894912e-01 2.132623711426157058e+02
5.581600000000000000e+04 9.473684210526315264e-01 2.143426025992952475e+02
5.581700000000000000e+04 9.605263157894736725e-01 2.158216225450701415e+02
5.581800000000000000e+04 9.736842105263158187e-01 2.179540624621604366e+02
5.581900000000000000e+04 9.868421052631578538e-01 2.190757576079108446e+02
5.582000000000000000e+04 1.724137931034482735e-02 2.201015743556781956e+02
5.582100000000000000e+04 3.448275862068965469e-02 2.211762370934708599e+02
5.582200000000000000e+04 5.172413793103448204e-02 2.223964419942969357e+02
5.582300000000000000e+04 6.896551724137930939e-02 2.235434816623119616e+02
5.582400000000000000e+04 8.620689655172414367e-02 2.250239545597336246e+02
5.582500000000000000e+04 1.034482758620689641e-01 2.265016216399651512e+02
5.582600000000000000e+04 1.206896551724137984e-01 2.273837780886747737e+02
5.582700000000000000e+04 1.379310344827586188e-01 2.290704908680180836e+02
5.582800000000000000e+04 1.551724137931034531e-01 2.302413879599949951e+02
5.582900000000000000e+04 1.724137931034482873e-01 2.308746335679545041e+02
5.583000000000000000e+04 1.896551724137930939e-01 2.315115794055262768e+02
5.583100000000000000e+04 2.068965517241379282e-01 2.323547282654555204e+02
5.583200000000000000e+04 2.241379310344827624e-01 2.337218054395755473e+02
5.583300000000000000e+04 2.413793103448275967e-01 2.346136013803601941e+02
5.583400000000000000e+04 2.586206896551724310e-01 2.354580538657020270e+02
5.583500000000000000e+04 2.758620689655172376e-01 2.365362004234575011e+02
5.583600000000000000e+04 2.931034482758620441e-01 2.386168253295854527e+02
5.583700000000000000e+04 3.103448275862069061e-01 2.395823821637490312e+02
5.583800000000000000e+04 3.275862068965517127e-01 2.412969666615210258e+02
5.583900000000000000e+04 3.448275862068965747e-01 2.419806332469265158e+02
5.584000000000000000e+04 3.620689655172413812e-01 2.434485228885549475e+02
5.584100000000000000e+04 3.793103448275861878e-01 2.441345258040006172e+02
5.584200000000000000e+04 3.965517241379310498e-01 2.461406165297655377e+02
5.584300000000000000e+04 4.137931034482758563e-01 2.470488565861382995e+02
5.584400000000000000e+04 4.310344827586206629e-01 2.487979420614653350e+02
5.584500000000000000e+04 4.482758620689655249e-01 2.494753636436429076e+02
5.584600000000000000e+04 4.655172413793103314e-01 2.505409620670651805e+02
5.584700000000000000e+04 4.827586206896551935e-01 2.521415244682229684e+02
5.584800000000000000e+04 5.000000000000000000e-01 2.535206183736550827e+02
5.584900000000000000e+04 5.172413793103448620e-01 2.548701738560269803e+02
5.585000000000000000e+04 5.344827586206896131e-01 2.563986371365803620e+02
5.585100000000000000e+04 5.517241379310344751e-01 2.574255256407520847e+02
5.585200000000000000e+04 5.689655172413793371e-01 2.580115290537113992e+02
5.585300000000000000e+04 5.862068965517240882e-01 2.600438184031889932e+02
5.585400000000000000e+04 6.034482758620689502e-01 2.612987686014040492e+02
5.585500000000000000e+04 6.206896551724138122e-01 2.625494883941634043e+02
5.585600000000000000e+04 6.379310344827586743e-01 2.643703123834605435e+02
5.585700000000000000e+04 6.551724137931034253e-01 2.658161685312152258e+02
5.585800000000000000e+04 6.724137931034482873e-01 2.667949943584184211e+02
5.585900000000000000e+04 6.896551724137931494e-01 2.673974061776916074e+02
5.586000000000000000e+04 7.068965517241379004e-01 2.697575121075176412e+02
5.586100000000000000e+04 7.241379310344827624e-01 2.706493080483023164e+02
5.586200000000000000e+04 7.413793103448276245e-01 2.725714422787867193e+02
5.586300000000000000e+04 7.586206896551723755e-01 2.737484724398276512e+02
5.586400000000000000e+04 7.758620689655172376e-01 2.746639504570405279e+02
5.586500000000000000e+04 7.931034482758620996e-01 2.759343834540931084e+02
5.586600000000000000e+04 8.103448275862068506e-01 2.773063892849845047e+02
5.586700000000000000e+04 8.275862068965517127e-01 2.789295651842634243e+02
5.586800000000000000e+04 8.448275862068965747e-01 2.806451991778646402e+02
5.586900000000000000e+04 8.620689655172413257e-01 2.832736968476372681e+02
5.587000000000000000e+04 8.793103448275861878e-01 2.851797398691874150e+02
5.587100000000000000e+04 8.965517241379310498e-01 2.861314751264937399e+02
5.587200000000000000e+04 9.137931034482759118e-01 2.873755410411461639e+02
5.587300000000000000e+04 9.310344827586206629e-01 2.885911478854835650e+02
5.587400000000000000e+04 9.482758620689655249e-01 2.897357001997095267e+02
5.587500000000000000e+04 9.655172413793103869e-01 2.909097955961743764e+02
5.587600000000000000e+04 9.827586206896551380e-01 2.917441815979744888e+02
5.587700000000000000e+04 1.818181818181818094e-02 2.199276378811887298e+02
5.587800000000000000e+04 3.636363636363636187e-02 2.210353382016725732e+02
5.587900000000000000e+04 5.454545454545454281e-02 2.218966163216779535e+02
5.588000000000000000e+04 7.272727272727272374e-02 2.229656813337328742e+02
5.588100000000000000e+04 9.090909090909091161e-02 2.245011942773448652e+02
5.588200000000000000e+04 1.090909090909090856e-01 2.257605591966593579e+02
5.588300000000000000e+04 1.272727272727272596e-01 2.263409039218012140e+02
5.588400000000000000e+04 1.454545454545454475e-01 2.271972916844414954e+02
5.588500000000000000e+04 1.636363636363636354e-01 2.279928418085694375e+02
5.588600000000000000e+04 1.818181818181818232e-01 2.284905364940946129e+02
5.588700000000000000e+04 2.000000000000000111e-01 2.293421819602364735e+02
5.588800000000000000e+04 2.181818181818181712e-01 2.302873274516821027e+02
5.588900000000000000e+04 2.363636363636363591e-01 2.312653356316070017e+02
5.589000000000000000e+04 2.545454545454545192e-01 2.320002505926739218e+02
5.589100000000000000e+04 2.727272727272727071e-01 2.330195150333368872e+02
5.589200000000000000e+04 2.909090909090908950e-01 2.338024581985794157e+02
5.589300000000000000e+04 3.090909090909090828e-01 2.345325951720302555e+02
5.589400000000000000e+04 3.272727272727272707e-01 2.353747946733362255e+02
5.589500000000000000e+04 3.454545454545454586e-01 2.367370354743695771e+02
5.589600000000000000e+04 3.636363636363636465e-01 2.377047647753624062e+02
5.589700000000000000e+04 3.818181818181818343e-01 2.389990985808391883e+02
5.589800000000000000e+04 4.000000000000000222e-01 2.401569414026418769e+02
5.589900000000000000e+04 4.181818181818181546e-01 2.411928468037282869e+02
5.590000000000000000e+04 4.363636363636363424e-01 2.420844184497556739e+02
5.590100000000000000e+04 4.545454545454545303e-01 2.428759991468422186e+02
5.590200000000000000e+04 4.727272727272727182e-01 2.433586998822881071e+02
5.590300000000000000e+04 4.909090909090909061e-01 2.447474043144838163e+02
5.590400000000000000e+04 5.090909090909090384e-01 2.456429488415733715e+02
5.590500000000000000e+04 5.272727272727272263e-01 2.463496312313355645e+02
5.590600000000000000e+04 5.454545454545454142e-01 2.477154277022637814e+02
5.590700000000000000e+04 5.636363636363636020e-01 2.484857523091665996e+02
5.590800000000000000e+04 5.818181818181817899e-01 2.497091083489195569e+02
5.590900000000000000e+04 5.999999999999999778e-01 2.510734396869749503e+02
5.591000000000000000e+04 6.181818181818181657e-01 2.517018503807095442e+02
5.591100000000000000e+04 6.363636363636363535e-01 2.526093193884447885e+02
5.591200000000000000e+04 6.545454545454545414e-01 2.536009342330291076e+02
5.591300000000000000e+04 6.727272727272727293e-01 2.544209342330291008e+02
5.591400000000000000e+04 6.909090909090909172e-01 2.564665637204974473e+02
5.591500000000000000e+04 7.090909090909091050e-01 2.575438287760896401e+02
5.591600000000000000e+04 7.272727272727272929e-01 2.591205024899568912e+02
5.591700000000000000e+04 7.454545454545454808e-01 2.603342981894055015e+02
5.591800000000000000e+04 7.636363636363636687e-01 2.614899365411401391e+02
5.591900000000000000e+04 7.818181818181818565e-01 2.627686077263945776e+02
5.592000000000000000e+04 8.000000000000000444e-01 2.637183971767465778e+02
5.592100000000000000e+04 8.181818181818182323e-01 2.645671609837035021e+02
5.592200000000000000e+04 8.363636363636363091e-01 2.655843630285303902e+02
5.592300000000000000e+04 8.545454545454544970e-01 2.667228708238484387e+02
5.592400000000000000e+04 8.727272727272726849e-01 2.678278142613148134e+02
5.592500000000000000e+04 8.909090909090908728e-01 2.688888514896909214e+02
5.592600000000000000e+04 9.090909090909090606e-01 2.705865263702260677e+02
5.592700000000000000e+04 9.272727272727272485e-01 2.712865263702260563e+02
5.592800000000000000e+04 9.454545454545454364e-01 2.721256926231223474e+02
5.592900000000000000e+04 9.636363636363636243e-01 2.724756926231223702e+02
5.593000000000000000e+04 9.818181818181818121e-01 2.738093342541462221e+02
5.602900000000000000e+04 2.999999999999999889e-01 1.202567954220229325e+02
5.603000000000000000e+04 4.000000000000000222e-01 1.215327656411111406e+02
5.603100000000000000e+04 5.000000000000000000e-01 1.231751419682663879e+02
5.603200000000000000e+04 5.999999999999999778e-01 1.244040439171622268e+02
5.603300000000000000e+04 6.999999999999999556e-01 1.255982382062123861e+02
5.603400000000000000e+04 8.000000000000000444e-01 1.267918880711225285e+02
5.603500000000000000e+04 9.000000000000000222e-01 1.282912546040290067e+02
5.603600000000000000e+04 5.000000000000000000e-01 1.298402542812400782e+02
5.603700000000000000e+04 1.428571428571428492e-01 1.311071007597054177e+02
5.603800000000000000e+04 2.857142857142856984e-01 1.327076631608632056e+02
5.603900000000000000e+04 4.285714285714285476e-01 1.335363971350672330e+02
5.604000000000000000e+04 5.714285714285713969e-01 1.345829151712233340e+02
5.604100000000000000e+04 7.142857142857143016e-01 1.357592229540761082e+02
5.604200000000000000e+04 8.571428571428570953e-01 1.372549836301202504e+02
5.604300000000000000e+04 1.428571428571428492e-01 1.383702414478466949e+02
5.604400000000000000e+04 2.857142857142856984e-01 1.395257499938990406e+02
5.604500000000000000e+04 4.285714285714285476e-01 1.408171445889009021e+02
5.604600000000000000e+04 5.714285714285713969e-01 1.417221307766407961e+02
5.604700000000000000e+04 7.142857142857143016e-01 1.430390210530115951e+02
5.604800000000000000e+04 8.571428571428570953e-01 1.443423629114662390e+02
5.604900000000000000e+04 1.250000000000000000e-01 1.454341962320788468e+02
5.605000000000000000e+04 2.500000000000000000e-01 1.464443942324728596e+02
5.605100000000000000e+04 3.750000000000000000e-01 1.470397932583370277e+02
5.605200000000000000e+04 5.000000000000000000e-01 1.476637323579292911e+02
5.605300000000000000e+04 6.250000000000000000e-01 1.494448555990330476e+02
5.605400000000000000e+04 7.500000000000000000e-01 1.505348097265081435e+02
5.605500000000000000e+04 8.750000000000000000e-01 1.512891306131340059e+02
5.605600000000000000e+04 6.666666666666666574e-02 1.519226919755922722e+02
5.605700000000000000e+04 1.333333333333333315e-01 1.528678374670379014e+02
5.605800000000000000e+04 2.000000000000000111e-01 1.542046246602739927e+02
5.605900000000000000e+04 2.666666666666666630e-01 1.553188059740645315e+02
5.606000000000000000e+04 3.333333333333333148e-01 1.563290039744585158e+02
5.606100000000000000e+04 4.000000000000000222e-01 1.572859783732801304e+02
5.606200000000000000e+04 4.666666666666666741e-01 1.581203643750802428e+02
5.606300000000000000e+04 5.333333333333333259e-01 1.591174100109465428e+02
5.606400000000000000e+04 5.999999999999999778e-01 1.596024873243719355e+02
5.606500000000000000e+04 6.666666666666666297e-01 1.609391248967901618e+02
5.606600000000000000e+04 7.333333333333332815e-01 1.618417322311277360e+02
5.606700000000000000e+04 8.000000000000000444e-01 1.630383106865580487e+02
5.606800000000000000e+04 8.666666666666666963e-01 1.636437857066868844e+02
5.606900000000000000e+04 9.333333333333333481e-01 1.643344375726801729e+02
5.607000000000000000e+04 9.090909090909091161e-02 1.652822772215660052e+02
5.607100000000000000e+04 1.818181818181818232e-01 1.664706374363157124e+02
5.607200000000000000e+04 2.727272727272727071e-01 1.674278208043283485e+02
5.607300000000000000e+04 3.636363636363636465e-01 1.680141654128991036e+02
5.607400000000000000e+04 4.545454545454545303e-01 1.690502156047334665e+02
5.607500000000000000e+04 5.454545454545454142e-01 1.699991623893320707e+02
5.607600000000000000e+04 6.363636363636363535e-01 1.717948516720310579e+02
5.607700000000000000e+04 7.272727272727272929e-01 1.735958791565520301e+02
5.607800000000000000e+04 8.181818181818182323e-01 1.745486120677081487e+02
5.607900000000000000e+04 9.090909090909090606e-01 1.753029329543339827e+02
5.608000000000000000e+04 2.000000000000000111e-01 1.765494480966407309e+02
5.608100000000000000e+04 4.000000000000000222e-01 1.775644357812950886e+02
5.608200000000000000e+04 5.999999999999999778e-01 1.784850334132711680e+02
5.608300000000000000e+04 8.000000000000000444e-01 1.795566210205156779e+02
5.608400000000000000e+04 1.666666666666666574e-01 1.814689232978766427e+02
5.608500000000000000e+04 3.333333333333333148e-01 1.822719799583931888e+02
5.608600000000000000e+04 5.000000000000000000e-01 1.835108907703566672e+02
5.608700000000000000e+04 6.666666666666666297e-01 1.845608907703566501e+02
5.608800000000000000e+04 8.333333333333333703e-01 1.855310453972074356e+02
5.608900000000000000e+04 5.000000000000000278e-02 1.867030522231261216e+02
5.609000000000000000e+04 1.000000000000000056e-01 1.874901989692922939e+02
5.609100000000000000e+04 1.499999999999999944e-01 1.890812049403684512e+02
5.609200000000000000e+04 2.000000000000000111e-01 1.903043566071702344e+02
5.609300000000000000e+04 2.500000000000000000e-01 1.918922482911335976e+02
5.609400000000000000e+04 2.999999999999999889e-01 1.930500911129362862e+02
5.609500000000000000e+04 3.499999999999999778e-01 1.948592069190692087e+02
5.609600000000000000e+04 4.000000000000000222e-01 1.957047245120263312e+02
5.609700000000000000e+04 4.500000000000000111e-01 1.964303966142873890e+02
5.609800000000000000e+04 5.000000000000000000e-01 1.976047049213345588e+02
5.609900000000000000e+04 5.500000000000000444e-01 1.987338639003981768e+02
5.610000000000000000e+04 5.999999999999999778e-01 1.999724921739330625e+02
5.610100000000000000e+04 6.500000000000000222e-01 2.010022979808694856e+02
5.610200000000000000e+04 6.999999999999999556e-01 2.020226900623754318e+02
5.610300000000000000e+04 7.500000000000000000e-01 2.026615953761739775e+02
5.610400000000000000e+04 8.000000000000000444e-01 2.035547918831084644e+02
5.610500000000000000e+04 8.499999999999999778e-01 2.042560051174388036e+02
5.610600000000000000e+04 9.000000000000000222e-01 2.050946349523480876e+02
5.610700000000000000e+04 9.499999999999999556e-01 2.061770396825668570e+02
5.610800000000000000e+04 6.250000000000000000e-02 2.071170396825668547e+02
5.610900000000000000e+04 1.250000000000000000e-01 2.079727265411781332e+02
5.611000000000000000e+04 1.875000000000000000e-01 2.084554272766240217e+02
5.611100000000000000e+04 2.500000000000000000e-01 2.091659200633572766e+02
5.611200000000000000e+04 3.125000000000000000e-01 2.099447011622547734e+02
5.611300000000000000e+04 3.750000000000000000e-01 2.107227757088118665e+02
5.611400000000000000e+04 4.375000000000000000e-01 2.122180348836708674e+02
5.611500000000000000e+04 5.000000000000000000e-01 2.128080348836708708e+02
5.611600000000000000e+04 5.625000000000000000e-01 2.138680348836708731e+02
5.611700000000000000e+04 6.250000000000000000e-01 2.151583836737272577e+02
5.611800000000000000e+04 6.875000000000000000e-01 2.158031316865198619e+02
5.611900000000000000e+04 7.500000000000000000e-01 2.169853753162341263e+02
5.612000000000000000e+04 8.125000000000000000e-01 2.175827863974838863e+02
5.612100000000000000e+04 8.750000000000000000e-01 2.186178226287337907e+02
5.612200000000000000e+04 9.375000000000000000e-01 2.195503460868837919e+02
5.612300000000000000e+04 1.428571428571428492e-01 2.204521775567272357e+02
5.612400000000000000e+04 2.857142857142856984e-01 2.218891883430472376e+02
5.612500000000000000e+04 4.285714285714285476e-01 2.229182655996222593e+02
5.612600000000000000e+04 5.714285714285713969e-01 2.238299673052255798e+02
5.612700000000000000e+04 7.142857142857143016e-01 2.246246370479489372e+02
5.612800000000000000e+04 8.571428571428570953e-01 2.254440270649737954e+02
5.612900000000000000e+04 4.347826086956521618e-02 2.262742679938613151e+02
5.613000000000000000e+04 8.695652173913043237e-02 2.275880792436228717e+02
5.613100000000000000e+04 1.304347826086956486e-01 2.293190616236602750e+02
5.613200000000000000e+04 1.739130434782608647e-01 2.301467088915226213e+02
5.613300000000000000e+04 2.173913043478260809e-01 2.323817480410678797e+02
5.613400000000000000e+04 2.608695652173912971e-01 2.342119939261882564e+02
5.613500000000000000e+04 3.043478260869565410e-01 2.353760385988705366e+02
5.613600000000000000e+04 3.478260869565217295e-01 2.361136699431069133e+02
5.613700000000000000e+04 3.913043478260869734e-01 2.367534355251758598e+02
5.613800000000000000e+04 4.347826086956521618e-01 2.377034355251758484e+02
5.613900000000000000e+04 4.782608695652174058e-01 2.393655125390353362e+02
5.614000000000000000e+04 5.217391304347825942e-01 2.406716518884157665e+02
5.614100000000000000e+04 5.652173913043477826e-01 2.415289732983898716e+02
5.614200000000000000e+04 6.086956521739130821e-01 2.420215177126308390e+02
5.614300000000000000e+04 6.521739130434782705e-01 2.428024786591576287e+02
5.614400000000000000e+04 6.956521739130434590e-01 2.435679197084880059e+02
5.614500000000000000e+04 7.391304347826086474e-01 2.445148093535892997e+02
5.614600000000000000e+04 7.826086956521739468e-01 2.454195192518439796e+02
5.614700000000000000e+04 8.260869565217391353e-01 2.464795192518439819e+02
5.614800000000000000e+04 8.695652173913043237e-01 2.471621611784790389e+02
5.614900000000000000e+04 9.130434782608695121e-01 2.479509577301956256e+02
5.615000000000000000e+04 9.565217391304348116e-01 2.487021567717285677e+02
5.615100000000000000e+04 2.500000000000000000e-01 2.494755260237679693e+02
5.615200000000000000e+04 5.000000000000000000e-01 2.502975357560704595e+02
5.615300000000000000e+04 7.500000000000000000e-01 2.513915650061364886e+02
5.615400000000000000e+04 5.000000000000000000e-01 2.497128001311783692e+02
5.615500000000000000e+04 5.000000000000000000e-01 2.267050583889304960e+02
5.615600000000000000e+04 3.333333333333333148e-01 2.202366404843547514e+02
5.615700000000000000e+04 6.666666666666666297e-01 2.207598995024328019e+02
5.615800000000000000e+04 3.333333333333333148e-01 2.202603460868837999e+02
5.615900000000000000e+04 6.666666666666666297e-01 2.207454234003091926e+02
5.616000000000000000e+04 3.333333333333333148e-01 2.069596634746917800e+02
5.616100000000000000e+04 6.666666666666666297e-01 2.075516938793163888e+02
5.616200000000000000e+04 5.000000000000000000e-01 1.864714176639188850e+02
5.616300000000000000e+04 3.333333333333333148e-01 1.802934385013072074e+02
5.616400000000000000e+04 6.666666666666666297e-01 1.808271050638722386e+02
5.616500000000000000e+04 3.333333333333333148e-01 1.763063770235276877e+02
5.616600000000000000e+04 6.666666666666666297e-01 1.773845235812831618e+02
5.616700000000000000e+04 5.000000000000000000e-01 1.652882719398530185e+02
5.616800000000000000e+04 3.333333333333333148e-01 1.522922258229720285e+02
5.616900000000000000e+04 6.666666666666666297e-01 1.529782287384177266e+02
5.617000000000000000e+04 5.000000000000000000e-01 1.453064168518658335e+02
5.617100000000000000e+04 5.000000000000000000e-01 1.384706316054815431e+02
5.617200000000000000e+04 5.000000000000000000e-01 1.309032688625135279e+02
5.617300000000000000e+04 3.333333333333333148e-01 1.287763319174543994e+02
5.617400000000000000e+04 6.666666666666666297e-01 1.298272838668792986e+02
