5.816300000000000000e+04 3.775510204081632404e-01 1.215129756086953279e+02
5.816400000000000000e+04 3.877551020408163129e-01 1.229499168044302166e+02
5.816500000000000000e+04 3.979591836734693855e-01 1.238784640568627395e+02
5.816600000000000000e+04 4.081632653061224580e-01 1.257949712966090487e+02
5.816700000000000000e+04 4.183673469387755306e-01 1.280832457556720385e+02
5.816800000000000000e+04 4.285714285714285476e-01 1.295543337883879360e+02
5.816900000000000000e+04 4.387755102040816202e-01 1.313026186621999898e+02
5.817000000000000000e+04 4.489795918367346927e-01 1.332136916592359626e+02
5.817100000000000000e+04 4.591836734693877653e-01 1.345459453888235259e+02
5.817200000000000000e+04 4.693877551020408379e-01 1.365471949984424782e+02
5.817300000000000000e+04 4.795918367346938549e-01 1.382683864462483143e+02
5.817400000000000000e+04 4.897959183673469274e-01 1.409325185751037850e+02
5.817500000000000000e+04 5.000000000000000000e-01 1.420063900757965030e+02
5.817600000000000000e+04 5.102040816326530726e-01 1.436462071387641970e+02
5.817700000000000000e+04 5.204081632653061451e-01 1.454605114131349524e+02
5.817800000000000000e+04 5.306122448979592177e-01 1.466002482248594845e+02
5.817900000000000000e+04 5.408163265306122902e-01 1.479390163153068158e+02
5.818000000000000000e+04 5.510204081632652517e-01 1.497547530803694258e+02
5.818100000000000000e+04 5.612244897959183243e-01 1.512900380702002963e+02
5.818200000000000000e+04 5.714285714285713969e-01 1.533709273031965949e+02
5.818300000000000000e+04 5.816326530612244694e-01 1.548777783243662327e+02
5.818400000000000000e+04 5.918367346938775420e-01 1.563561896338467818e+02
5.818500000000000000e+04 6.020408163265306145e-01 1.577483462342333951e+02
5.818600000000000000e+04 6.122448979591836871e-01 1.595053038319004486e+02
5.818700000000000000e+04 6.224489795918367596e-01 1.612596413136866715e+02
5.818800000000000000e+04 6.326530612244898322e-01 1.622074809625725038e+02
5.818900000000000000e+04 6.428571428571429047e-01 1.629618018491983378e+02
5.819000000000000000e+04 6.530612244897958663e-01 1.639719998495923221e+02
5.819100000000000000e+04 6.632653061224489388e-01 1.653808291508208299e+02
5.819200000000000000e+04 6.734693877551020114e-01 1.674072792488987602e+02
5.819300000000000000e+04 6.836734693877550839e-01 1.693981082219650034e+02
5.819400000000000000e+04 6.938775510204081565e-01 1.713008693735549741e+02
5.819500000000000000e+04 7.040816326530612290e-01 1.724914154667407900e+02
5.819600000000000000e+04 7.142857142857143016e-01 1.746228234520875731e+02
5.819700000000000000e+04 7.244897959183673741e-01 1.764319945329972938e+02
5.819800000000000000e+04 7.346938775510204467e-01 1.774829464824221930e+02
5.819900000000000000e+04 7.448979591836735192e-01 1.795133405328468825e+02
5.820000000000000000e+04 7.551020408163264808e-01 1.805049553774312017e+02
5.820100000000000000e+04 7.653061224489795533e-01 1.820844806225602497e+02
5.820200000000000000e+04 7.755102040816326259e-01 1.835182518734925452e+02
5.820300000000000000e+04 7.857142857142856984e-01 1.845306747100583777e+02
5.820400000000000000e+04 7.959183673469387710e-01 1.855206242037195352e+02
5.820500000000000000e+04 8.061224489795918435e-01 1.866120452956909332e+02
5.820600000000000000e+04 8.163265306122449161e-01 1.885271954203547864e+02
5.820700000000000000e+04 8.265306122448979886e-01 1.894973500472056003e+02
5.820800000000000000e+04 8.367346938775510612e-01 1.907582227608448306e+02
5.820900000000000000e+04 8.469387755102041337e-01 1.919302295867635166e+02
5.821000000000000000e+04 8.571428571428570953e-01 1.933749786999316029e+02
5.821100000000000000e+04 8.673469387755101678e-01 1.948590609078971738e+02
5.821200000000000000e+04 8.775510204081632404e-01 1.958237370193459981e+02
5.821300000000000000e+04 8.877551020408163129e-01 1.974599827221669273e+02
5.821400000000000000e+04 8.979591836734693855e-01 1.986852990078662629e+02
5.821500000000000000e+04 9.081632653061224580e-01 2.000583976933219219e+02
5.821600000000000000e+04 9.183673469387755306e-01 2.010685956937159062e+02
5.821700000000000000e+04 9.285714285714286031e-01 2.025970589742692880e+02
5.821800000000000000e+04 9.387755102040816757e-01 2.035550777632290931e+02
5.821900000000000000e+04 9.489795918367347483e-01 2.045252323900798785e+02
5.822000000000000000e+04 9.591836734693877098e-01 2.055282777529623388e+02
5.822100000000000000e+04 9.693877551020407823e-01 2.063015176898512664e+02
5.822200000000000000e+04 9.795918367346938549e-01 2.075059262584026385e+02
5.822300000000000000e+04 9.897959183673469274e-01 2.087194335719364346e+02
5.822400000000000000e+04 1.612903225806451568e-02 2.092402982376606531e+02
5.822500000000000000e+04 3.225806451612903136e-02 2.101711580552486680e+02
5.822600000000000000e+04 4.838709677419354704e-02 2.116388433076103581e+02
5.822700000000000000e+04 6.451612903225806273e-02 2.129389202284115754e+02
5.822800000000000000e+04 8.064516129032257841e-02 2.137862100253524034e+02
5.822900000000000000e+04 9.677419354838709409e-02 2.147563646522031888e+02
5.823000000000000000e+04 1.129032258064516098e-01 2.161468321994692019e+02
5.823100000000000000e+04 1.290322580645161255e-01 2.175569740363069116e+02
5.823200000000000000e+04 1.451612903225806550e-01 2.188403290144793516e+02
5.823300000000000000e+04 1.612903225806451568e-01 2.201422506711085134e+02
5.823400000000000000e+04 1.774193548387096864e-01 2.210929346354205336e+02
5.823500000000000000e+04 1.935483870967741882e-01 2.222745860222516967e+02
5.823600000000000000e+04 2.096774193548387177e-01 2.232218452264825146e+02
5.823700000000000000e+04 2.258064516129032195e-01 2.245429811014022619e+02
5.823800000000000000e+04 2.419354838709677491e-01 2.260622243340677926e+02
5.823900000000000000e+04 2.580645161290322509e-01 2.270098529533063640e+02
5.824000000000000000e+04 2.741935483870967527e-01 2.290571682685423980e+02
5.824100000000000000e+04 2.903225806451613100e-01 2.322585742096876231e+02
5.824200000000000000e+04 3.064516129032258118e-01 2.343869538750669221e+02
5.824300000000000000e+04 3.225806451612903136e-01 2.357037302418050047e+02
5.824400000000000000e+04 3.387096774193548154e-01 2.369511275321660264e+02
5.824500000000000000e+04 3.548387096774193727e-01 2.383856309305586478e+02
5.824600000000000000e+04 3.709677419354838745e-01 2.396330282209196696e+02
5.824700000000000000e+04 3.870967741935483764e-01 2.414547032742702868e+02
5.824800000000000000e+04 4.032258064516128782e-01 2.424967205485992849e+02
5.824900000000000000e+04 4.193548387096774355e-01 2.440753908751716210e+02
5.825000000000000000e+04 4.354838709677419373e-01 2.450744404234924048e+02
5.825100000000000000e+04 4.516129032258064391e-01 2.477529848043082268e+02
5.825200000000000000e+04 4.677419354838709409e-01 2.491673751323294539e+02
5.825300000000000000e+04 4.838709677419354982e-01 2.503876210091920029e+02
5.825400000000000000e+04 5.000000000000000000e-01 2.525093655744024375e+02
5.825500000000000000e+04 5.161290322580645018e-01 2.537768828326675816e+02
5.825600000000000000e+04 5.322580645161290036e-01 2.549488896585862676e+02
5.825700000000000000e+04 5.483870967741935054e-01 2.572908973443123273e+02
5.825800000000000000e+04 5.645161290322581182e-01 2.581710109733398326e+02
5.825900000000000000e+04 5.806451612903226200e-01 2.601974857449567935e+02
5.826000000000000000e+04 5.967741935483871218e-01 2.621915268679028372e+02
5.826100000000000000e+04 6.129032258064516236e-01 2.642780790479357051e+02
5.826200000000000000e+04 6.290322580645161255e-01 2.653539043125581998e+02
5.826300000000000000e+04 6.451612903225806273e-01 2.663604826751311521e+02
5.826400000000000000e+04 6.612903225806451291e-01 2.678372697281621413e+02
5.826500000000000000e+04 6.774193548387096309e-01 2.694390812027121456e+02
5.826600000000000000e+04 6.935483870967742437e-01 2.709988568276018555e+02
5.826700000000000000e+04 7.096774193548387455e-01 2.718275908018058544e+02
5.826800000000000000e+04 7.258064516129032473e-01 2.725819116884317168e+02
5.826900000000000000e+04 7.419354838709677491e-01 2.737539185143504028e+02
5.827000000000000000e+04 7.580645161290322509e-01 2.769067743626250717e+02
5.827100000000000000e+04 7.741935483870967527e-01 2.783196083939253072e+02
5.827200000000000000e+04 7.903225806451612545e-01 2.796535874042548926e+02
5.827300000000000000e+04 8.064516129032257563e-01 2.808945547688539932e+02
5.827400000000000000e+04 8.225806451612903691e-01 2.819514842840062556e+02
5.827500000000000000e+04 8.387096774193548709e-01 2.831756166297924437e+02
5.827600000000000000e+04 8.548387096774193727e-01 2.838033108228514152e+02
5.827700000000000000e+04 8.709677419354838745e-01 2.849833531949720395e+02
5.827800000000000000e+04 8.870967741935483764e-01 2.877310249366471453e+02
5.827900000000000000e+04 9.032258064516128782e-01 2.886635483947971466e+02
5.828000000000000000e+04 9.193548387096773800e-01 2.894551290918836912e+02
5.828100000000000000e+04 9.354838709677418818e-01 2.903710439350869024e+02
5.828200000000000000e+04 9.516129032258064946e-01 2.910812551712695040e+02
5.828300000000000000e+04 9.677419354838709964e-01 2.916672585842288186e+02
5.828400000000000000e+04 9.838709677419354982e-01 2.932270342091185285e+02
5.828500000000000000e+04 7.692307692307692735e-02 2.098107172197567252e+02
5.828600000000000000e+04 1.538461538461538547e-01 2.109152533214754612e+02
5.828700000000000000e+04 2.307692307692307820e-01 2.126540172502478754e+02
5.828800000000000000e+04 3.076923076923077094e-01 2.136910804112944788e+02
5.828900000000000000e+04 3.846153846153846367e-01 2.147380283565142918e+02
5.829000000000000000e+04 4.615384615384615641e-01 2.154970408728801488e+02
5.829100000000000000e+04 5.384615384615384359e-01 2.163617373514204587e+02
5.829200000000000000e+04 6.153846153846154188e-01 2.180430761037247009e+02
5.829300000000000000e+04 6.923076923076922906e-01 2.191932934744855288e+02
5.829400000000000000e+04 7.692307692307692735e-01 2.204935626773816182e+02
5.829500000000000000e+04 8.461538461538461453e-01 2.213670041465139207e+02
5.829600000000000000e+04 9.230769230769231282e-01 2.238515564200634174e+02
5.829700000000000000e+04 1.369863013698630061e-02 2.243974501826216681e+02
5.829800000000000000e+04 2.739726027397260122e-02 2.252261841568256955e+02
5.829900000000000000e+04 4.109589041095890183e-02 2.272218294158835477e+02
5.830000000000000000e+04 5.479452054794520244e-02 2.281031919973447657e+02
5.830100000000000000e+04 6.849315068493150305e-02 2.290186700145576424e+02
5.830200000000000000e+04 8.219178082191780366e-02 2.296346245583350196e+02
5.830300000000000000e+04 9.589041095890410427e-02 2.310882751353307469e+02
5.830400000000000000e+04 1.095890410958904049e-01 2.322478009004606179e+02
5.830500000000000000e+04 1.232876712328767055e-01 2.332614576470962788e+02
5.830600000000000000e+04 1.369863013698630061e-01 2.346058162302131507e+02
5.830700000000000000e+04 1.506849315068493067e-01 2.361435093075208158e+02
5.830800000000000000e+04 1.643835616438356073e-01 2.366762381315955110e+02
5.830900000000000000e+04 1.780821917808219079e-01 2.379300323730881246e+02
5.831000000000000000e+04 1.917808219178082085e-01 2.393596127310953250e+02
5.831100000000000000e+04 2.054794520547945091e-01 2.403161167823151914e+02
5.831200000000000000e+04 2.191780821917808098e-01 2.413226951448881152e+02
5.831300000000000000e+04 2.328767123287671104e-01 2.424813581675137470e+02
5.831400000000000000e+04 2.465753424657534110e-01 2.440006014001792778e+02
5.831500000000000000e+04 2.602739726027397116e-01 2.450052904067877932e+02
5.831600000000000000e+04 2.739726027397260122e-01 2.460118687693607455e+02
5.831700000000000000e+04 2.876712328767123128e-01 2.469518687693607433e+02
5.831800000000000000e+04 3.013698630136986134e-01 2.481730976586357826e+02
5.831900000000000000e+04 3.150684931506849140e-01 2.492724611108207284e+02
5.832000000000000000e+04 3.287671232876712146e-01 2.505014851138409995e+02
5.832100000000000000e+04 3.424657534246575152e-01 2.514789307645039855e+02
5.832200000000000000e+04 3.561643835616438158e-01 2.527755031689612224e+02
5.832300000000000000e+04 3.698630136986301165e-01 2.540063159085767666e+02
5.832400000000000000e+04 3.835616438356164171e-01 2.547425903139447882e+02
5.832500000000000000e+04 3.972602739726027177e-01 2.560627796942989676e+02
5.832600000000000000e+04 4.109589041095890183e-01 2.569142490125952918e+02
5.832700000000000000e+04 4.246575342465753189e-01 2.593613902018199724e+02
5.832800000000000000e+04 4.383561643835616195e-01 2.606467306236538093e+02
5.832900000000000000e+04 4.520547945205479201e-01 2.618941279140148595e+02
5.833000000000000000e+04 4.657534246575342207e-01 2.631805959470416951e+02
5.833100000000000000e+04 4.794520547945205213e-01 2.644882656301039106e+02
5.833200000000000000e+04 4.931506849315068219e-01 2.668421772682075925e+02
5.833300000000000000e+04 5.068493150684931781e-01 2.681644858554896587e+02
5.833400000000000000e+04 5.205479452054794232e-01 2.693312334717289218e+02
5.833500000000000000e+04 5.342465753424657793e-01 2.710891299419455436e+02
5.833600000000000000e+04 5.479452054794520244e-01 2.720661662769915097e+02
5.833700000000000000e+04 5.616438356164383805e-01 2.737358069568983865e+02
5.833800000000000000e+04 5.753424657534246256e-01 2.753078756576872479e+02
5.833900000000000000e+04 5.890410958904109817e-01 2.768978756576872229e+02
5.834000000000000000e+04 6.027397260273972268e-01 2.782004116456737393e+02
5.834100000000000000e+04 6.164383561643835829e-01 2.796544405312189951e+02
5.834200000000000000e+04 6.301369863013698280e-01 2.808139662963488377e+02
5.834300000000000000e+04 6.438356164383561842e-01 2.819840090306111620e+02
5.834400000000000000e+04 6.575342465753424293e-01 2.829046066625872413e+02
5.834500000000000000e+04 6.712328767123287854e-01 2.843333473668439524e+02
5.834600000000000000e+04 6.849315068493150305e-01 2.864245431969851552e+02
5.834700000000000000e+04 6.986301369863013866e-01 2.883646462870295863e+02
5.834800000000000000e+04 7.123287671232876317e-01 2.891593160297529153e+02
5.834900000000000000e+04 7.260273972602739878e-01 2.905278919319227384e+02
5.835000000000000000e+04 7.397260273972602329e-01 2.917163362932623727e+02
5.835100000000000000e+04 7.534246575342465890e-01 2.927133819291286727e+02
5.835200000000000000e+04 7.671232876712328341e-01 2.932913957697933824e+02
5.835300000000000000e+04 7.808219178082191902e-01 2.949601677733936640e+02
5.835400000000000000e+04 7.945205479452054353e-01 2.958694532071272079e+02
5.835500000000000000e+04 8.082191780821917915e-01 2.966237740937530702e+02
5.835600000000000000e+04 8.219178082191780366e-01 2.973637740937530793e+02
5.835700000000000000e+04 8.356164383561643927e-01 2.986111713841141295e+02
5.835800000000000000e+04 8.493150684931506378e-01 3.007739704963758527e+02
5.835900000000000000e+04 8.630136986301369939e-01 3.015007441888000699e+02
5.836000000000000000e+04 8.767123287671232390e-01 3.024175320595750236e+02
5.836100000000000000e+04 8.904109589041095951e-01 3.030822124338903905e+02
5.836200000000000000e+04 9.041095890410958402e-01 3.039338579000322511e+02
5.836300000000000000e+04 9.178082191780821963e-01 3.050501463932095589e+02
5.836400000000000000e+04 9.315068493150684414e-01 3.065691921463059089e+02
5.836500000000000000e+04 9.452054794520547976e-01 3.081996828699838602e+02
5.836600000000000000e+04 9.589041095890410427e-01 3.092664536982314303e+02
5.836700000000000000e+04 9.726027397260273988e-01 3.101571837358971493e+02
5.836800000000000000e+04 9.863013698630136439e-01 3.113323432995309759e+02
5.836900000000000000e+04 1.694915254237288130e-02 2.245951961177665339e+02
5.837000000000000000e+04 3.389830508474576259e-02 2.252882329133264818e+02
5.837100000000000000e+04 5.084745762711864736e-02 2.260621192098843437e+02
5.837200000000000000e+04 6.779661016949152519e-02 2.268923601387718350e+02
5.837300000000000000e+04 8.474576271186440302e-02 2.277461751070173079e+02
5.837400000000000000e+04 1.016949152542372947e-01 2.283443389641668375e+02
5.837500000000000000e+04 1.186440677966101725e-01 2.289345084313540042e+02
5.837600000000000000e+04 1.355932203389830504e-01 2.295272984447651652e+02
5.837700000000000000e+04 1.525423728813559421e-01 2.307914186922099873e+02
5.837800000000000000e+04 1.694915254237288060e-01 2.322059504168454112e+02
5.837900000000000000e+04 1.864406779661016977e-01 2.330562444836246527e+02
5.838000000000000000e+04 2.033898305084745894e-01 2.338937407522730609e+02
5.838100000000000000e+04 2.203389830508474534e-01 2.356787337494582175e+02
5.838200000000000000e+04 2.372881355932203451e-01 2.365389662761624834e+02
5.838300000000000000e+04 2.542372881355932090e-01 2.373786090573498200e+02
5.838400000000000000e+04 2.711864406779661008e-01 2.384484221251331633e+02
5.838500000000000000e+04 2.881355932203389925e-01 2.409506011754810686e+02
5.838600000000000000e+04 3.050847457627118842e-01 2.427578366333005420e+02
5.838700000000000000e+04 3.220338983050847204e-01 2.439565442707167620e+02
5.838800000000000000e+04 3.389830508474576121e-01 2.446576861964350940e+02
5.838900000000000000e+04 3.559322033898305038e-01 2.454448329426012663e+02
5.839000000000000000e+04 3.728813559322033955e-01 2.459148329426012651e+02
5.839100000000000000e+04 3.898305084745762872e-01 2.466181820735454835e+02
5.839200000000000000e+04 4.067796610169491789e-01 2.479583313189655769e+02
5.839300000000000000e+04 4.237288135593220151e-01 2.489627216813247514e+02
5.839400000000000000e+04 4.406779661016949068e-01 2.515030366224294767e+02
5.839500000000000000e+04 4.576271186440677985e-01 2.525798374396654253e+02
5.839600000000000000e+04 4.745762711864406902e-01 2.539667404643935527e+02
5.839700000000000000e+04 4.915254237288135819e-01 2.556271922101543055e+02
5.839800000000000000e+04 5.084745762711864181e-01 2.564788376762961661e+02
5.839900000000000000e+04 5.254237288135593653e-01 2.585109794036370658e+02
5.840000000000000000e+04 5.423728813559322015e-01 2.603567854606213814e+02
5.840100000000000000e+04 5.593220338983050377e-01 2.615462811520806099e+02
5.840200000000000000e+04 5.762711864406779849e-01 2.634542643805183957e+02
5.840300000000000000e+04 5.932203389830508211e-01 2.643336391584145986e+02
5.840400000000000000e+04 6.101694915254237683e-01 2.656659304178620005e+02
5.840500000000000000e+04 6.271186440677966045e-01 2.669104785286235142e+02
5.840600000000000000e+04 6.440677966101694407e-01 2.677975523699693099e+02
5.840700000000000000e+04 6.610169491525423879e-01 2.692440999841182361e+02
5.840800000000000000e+04 6.779661016949152241e-01 2.702301527210446466e+02
5.840900000000000000e+04 6.949152542372881713e-01 2.719035624138575145e+02
5.841000000000000000e+04 7.118644067796610075e-01 2.730139677452568208e+02
5.841100000000000000e+04 7.288135593220338437e-01 2.744427084495135318e+02
5.841200000000000000e+04 7.457627118644067910e-01 2.763984691710743391e+02
5.841300000000000000e+04 7.627118644067796271e-01 2.776157201723062258e+02
5.841400000000000000e+04 7.796610169491525744e-01 2.785812770064698043e+02
5.841500000000000000e+04 7.966101694915254106e-01 2.806306915570183378e+02
5.841600000000000000e+04 8.135593220338983578e-01 2.819644831449360254e+02
5.841700000000000000e+04 8.305084745762711940e-01 2.831963110549949079e+02
5.841800000000000000e+04 8.474576271186440302e-01 2.843683178809135939e+02
5.841900000000000000e+04 8.644067796610169774e-01 2.851276597011763556e+02
5.842000000000000000e+04 8.813559322033898136e-01 2.862047390854373248e+02
5.842100000000000000e+04 8.983050847457627608e-01 2.870433689203466656e+02
5.842200000000000000e+04 9.152542372881355970e-01 2.885905599234228589e+02
5.842300000000000000e+04 9.322033898305084332e-01 2.899635129451974649e+02
5.842400000000000000e+04 9.491525423728813804e-01 2.912300436396537862e+02
5.842500000000000000e+04 9.661016949152542166e-01 2.927559859714606318e+02
5.842600000000000000e+04 9.830508474576271638e-01 2.937062490929170053e+02
5.847500000000000000e+04 8.000000000000000444e-01 1.205523505912933757e+02
5.847600000000000000e+04 8.399999999999999689e-01 1.213976316096535442e+02
5.847700000000000000e+04 8.800000000000000044e-01 1.220623119839688968e+02
5.847800000000000000e+04 9.200000000000000400e-01 1.229953178789127577e+02
5.847900000000000000e+04 9.599999999999999645e-01 1.238289245007674566e+02
5.854000000000000000e+04 9.180327868852459217e-01 1.200490247765181095e+02
5.854100000000000000e+04 9.344262295081967595e-01 1.221464756102684532e+02
5.854200000000000000e+04 9.508196721311474864e-01 1.236422362863125812e+02
5.854300000000000000e+04 9.672131147540983243e-01 1.265848371766815035e+02
5.854400000000000000e+04 9.836065573770491621e-01 1.282509104043639070e+02
5.854500000000000000e+04 5.000000000000000000e-01 1.301213648945881403e+02
5.854600000000000000e+04 2.000000000000000111e-01 1.311345776067073814e+02
5.854700000000000000e+04 4.000000000000000222e-01 1.318067383017796317e+02
5.854800000000000000e+04 5.999999999999999778e-01 1.328724305650526674e+02
5.854900000000000000e+04 8.000000000000000444e-01 1.339324305650526696e+02
5.855000000000000000e+04 1.111111111111111049e-01 1.357217600484067077e+02
5.855100000000000000e+04 2.222222222222222099e-01 1.375694072008684543e+02
5.855200000000000000e+04 3.333333333333333148e-01 1.393447944825622358e+02
5.855300000000000000e+04 4.444444444444444198e-01 1.404340143868974451e+02
5.855400000000000000e+04 5.555555555555555802e-01 1.419297750629415589e+02
5.855500000000000000e+04 6.666666666666666297e-01 1.432253444358429135e+02
5.855600000000000000e+04 7.777777777777777901e-01 1.450541418549137234e+02
5.855700000000000000e+04 8.888888888888888395e-01 1.474412321338935499e+02
5.855800000000000000e+04 5.000000000000000000e-01 1.486910321178909840e+02
5.855900000000000000e+04 5.000000000000000000e-01 1.498958972555723790e+02
5.856000000000000000e+04 5.000000000000000000e-01 1.515640399353213184e+02
5.856100000000000000e+04 5.000000000000000000e-01 1.538906469068573415e+02
5.856200000000000000e+04 1.250000000000000000e-01 1.554284700436321884e+02
5.856300000000000000e+04 2.500000000000000000e-01 1.566280116227364658e+02
5.856400000000000000e+04 3.750000000000000000e-01 1.574824119972682297e+02
5.856500000000000000e+04 5.000000000000000000e-01 1.583368123717999936e+02
5.856600000000000000e+04 6.250000000000000000e-01 1.602309084622874877e+02
5.856700000000000000e+04 7.500000000000000000e-01 1.610740573222167313e+02
5.856800000000000000e+04 8.750000000000000000e-01 1.627286871901932557e+02
5.856900000000000000e+04 5.000000000000000000e-01 1.637859478013956220e+02
5.857000000000000000e+04 9.090909090909091161e-02 1.650806292293924855e+02
5.857100000000000000e+04 1.818181818181818232e-01 1.659079743810674188e+02
5.857200000000000000e+04 2.727272727272727071e-01 1.667279743810674120e+02
5.857300000000000000e+04 3.636363636363636465e-01 1.673221124121679395e+02
5.857400000000000000e+04 4.545454545454545303e-01 1.681421124121679327e+02
5.857500000000000000e+04 5.454545454545454142e-01 1.691711896687429828e+02
5.857600000000000000e+04 6.363636363636363535e-01 1.699789643898131430e+02
5.857700000000000000e+04 7.272727272727272929e-01 1.711119251128746157e+02
5.857800000000000000e+04 8.181818181818182323e-01 1.719878817328050786e+02
5.857900000000000000e+04 9.090909090909090606e-01 1.729123275127186332e+02
5.858000000000000000e+04 1.666666666666666574e-01 1.737642077859965184e+02
5.858100000000000000e+04 3.333333333333333148e-01 1.748959763135674166e+02
5.858200000000000000e+04 5.000000000000000000e-01 1.760126230795592335e+02
5.858300000000000000e+04 6.666666666666666297e-01 1.774269073508427539e+02
5.858400000000000000e+04 8.333333333333333703e-01 1.794578184764216076e+02
5.858500000000000000e+04 5.000000000000000000e-01 1.807190480352252564e+02
5.858600000000000000e+04 3.125000000000000000e-02 1.815579163204762665e+02
5.858700000000000000e+04 6.250000000000000000e-02 1.824299254947399618e+02
5.858800000000000000e+04 9.375000000000000000e-02 1.836331711055775600e+02
5.858900000000000000e+04 1.250000000000000000e-01 1.844964786985014200e+02
5.859000000000000000e+04 1.562500000000000000e-01 1.854492640888176140e+02
5.859100000000000000e+04 1.875000000000000000e-01 1.865379330008381658e+02
5.859200000000000000e+04 2.187500000000000000e-01 1.877378079943270563e+02
5.859300000000000000e+04 2.500000000000000000e-01 1.888694439782017298e+02
5.859400000000000000e+04 2.812500000000000000e-01 1.900066774634632338e+02
5.859500000000000000e+04 3.125000000000000000e-01 1.910792910938073419e+02
5.859600000000000000e+04 3.437500000000000000e-01 1.919534764288479209e+02
5.859700000000000000e+04 3.750000000000000000e-01 1.935348998383116736e+02
5.859800000000000000e+04 4.062500000000000000e-01 1.945379452011941623e+02
5.859900000000000000e+04 4.375000000000000000e-01 1.956672812893450555e+02
5.860000000000000000e+04 4.687500000000000000e-01 1.968635254115876592e+02
5.860100000000000000e+04 5.000000000000000000e-01 1.979326371924599925e+02
5.860200000000000000e+04 5.312500000000000000e-01 1.988733815785713261e+02
5.860300000000000000e+04 5.625000000000000000e-01 1.999790487979461489e+02
5.860400000000000000e+04 5.937500000000000000e-01 2.011643335738544351e+02
5.860500000000000000e+04 6.250000000000000000e-01 2.028430533241403566e+02
5.860600000000000000e+04 6.562500000000000000e-01 2.040571785236152778e+02
5.860700000000000000e+04 6.875000000000000000e-01 2.050558276111329974e+02
5.860800000000000000e+04 7.187500000000000000e-01 2.061702332823317647e+02
5.860900000000000000e+04 7.500000000000000000e-01 2.074242269027302257e+02
5.861000000000000000e+04 7.812500000000000000e-01 2.089489891792835294e+02
5.861100000000000000e+04 8.125000000000000000e-01 2.101086443004294608e+02
5.861200000000000000e+04 8.437500000000000000e-01 2.115254011603034598e+02
5.861300000000000000e+04 8.750000000000000000e-01 2.125126701206177415e+02
5.861400000000000000e+04 9.062500000000000000e-01 2.133558189805469851e+02
5.861500000000000000e+04 9.375000000000000000e-01 2.142442445542446308e+02
5.861600000000000000e+04 9.687500000000000000e-01 2.159369937973400226e+02
5.861700000000000000e+04 7.142857142857142461e-02 2.170875588758992478e+02
5.861800000000000000e+04 1.428571428571428492e-01 2.182472571125108232e+02
5.861900000000000000e+04 2.142857142857142738e-01 2.200741123339227556e+02
5.862000000000000000e+04 2.857142857142856984e-01 2.214877954667357756e+02
5.862100000000000000e+04 3.571428571428571508e-01 2.223493057684733571e+02
5.862200000000000000e+04 4.285714285714285476e-01 2.235331131852435078e+02
5.862300000000000000e+04 5.000000000000000000e-01 2.260787368809220368e+02
5.862400000000000000e+04 5.714285714285713969e-01 2.273833824266546628e+02
5.862500000000000000e+04 6.428571428571429047e-01 2.286220107001895485e+02
5.862600000000000000e+04 7.142857142857143016e-01 2.299824885574147117e+02
5.862700000000000000e+04 7.857142857142856984e-01 2.311936863117059033e+02
5.862800000000000000e+04 8.571428571428570953e-01 2.322149600262408455e+02
5.862900000000000000e+04 9.285714285714286031e-01 2.330666054923827062e+02
5.863000000000000000e+04 5.000000000000000278e-02 2.342171705709419314e+02
5.863100000000000000e+04 1.000000000000000056e-01 2.352237489335148837e+02
5.863200000000000000e+04 1.499999999999999944e-01 2.363957557594335697e+02
5.863300000000000000e+04 2.000000000000000111e-01 2.380661449356437060e+02
5.863400000000000000e+04 2.500000000000000000e-01 2.398194846061011845e+02
5.863500000000000000e+04 2.999999999999999889e-01 2.406860294693367734e+02
5.863600000000000000e+04 3.499999999999999778e-01 2.421342007299271870e+02
5.863700000000000000e+04 4.000000000000000222e-01 2.429491240392023315e+02
5.863800000000000000e+04 4.500000000000000111e-01 2.436926964970031975e+02
5.863900000000000000e+04 5.000000000000000000e-01 2.450656131004427607e+02
5.864000000000000000e+04 5.500000000000000444e-01 2.461458908425072707e+02
5.864100000000000000e+04 5.999999999999999778e-01 2.475626477023812697e+02
5.864200000000000000e+04 6.500000000000000222e-01 2.488031717851785345e+02
5.864300000000000000e+04 6.999999999999999556e-01 2.503700157467777956e+02
5.864400000000000000e+04 7.500000000000000000e-01 2.512907219974354120e+02
5.864500000000000000e+04 8.000000000000000444e-01 2.519239676053949211e+02
5.864600000000000000e+04 8.499999999999999778e-01 2.530632217473667822e+02
5.864700000000000000e+04 9.000000000000000222e-01 2.540226486596430675e+02
5.864800000000000000e+04 9.499999999999999556e-01 2.548735893156232635e+02
5.864900000000000000e+04 2.500000000000000000e-01 2.560661495866368682e+02
5.865000000000000000e+04 5.000000000000000000e-01 2.569831555844362470e+02
5.865100000000000000e+04 7.500000000000000000e-01 2.586564158750067008e+02
5.865200000000000000e+04 1.111111111111111049e-01 2.595482118157913760e+02
5.865300000000000000e+04 2.222222222222222099e-01 2.603913606757206480e+02
5.865400000000000000e+04 3.333333333333333148e-01 2.617036487538498477e+02
5.865500000000000000e+04 4.444444444444444198e-01 2.623292684466345577e+02
5.865600000000000000e+04 5.555555555555555802e-01 2.630292684466345463e+02
5.865700000000000000e+04 6.666666666666666297e-01 2.637394796828171479e+02
5.865800000000000000e+04 7.777777777777777901e-01 2.646403126307048410e+02
5.865900000000000000e+04 8.888888888888888395e-01 2.656388115040141429e+02
5.866000000000000000e+04 5.000000000000000000e-01 2.664775009578646063e+02
5.866100000000000000e+04 4.761904761904761640e-02 2.674251295771031778e+02
5.866200000000000000e+04 9.523809523809523281e-02 2.682682784370323930e+02
5.866300000000000000e+04 1.428571428571428492e-01 2.693160856712124200e+02
5.866400000000000000e+04 1.904761904761904656e-01 2.700626109554460186e+02
5.866500000000000000e+04 2.380952380952380820e-01 2.716457723496190511e+02
5.866600000000000000e+04 2.857142857142856984e-01 2.730625292094930501e+02
5.866700000000000000e+04 3.333333333333333148e-01 2.739715946636821400e+02
5.866800000000000000e+04 3.809523809523809312e-01 2.746085405012539127e+02
5.866900000000000000e+04 4.285714285714285476e-01 2.751945439142132273e+02
5.867000000000000000e+04 4.761904761904761640e-01 2.759047551503958289e+02
5.867100000000000000e+04 5.238095238095238360e-01 2.772302361951490184e+02
5.867200000000000000e+04 5.714285714285713969e-01 2.780818816612908790e+02
5.867300000000000000e+04 6.190476190476190688e-01 2.800743926399306361e+02
5.867400000000000000e+04 6.666666666666666297e-01 2.806230273089044545e+02
5.867500000000000000e+04 7.142857142857143016e-01 2.814661761688337265e+02
5.867600000000000000e+04 7.619047619047618625e-01 2.820521795817930411e+02
5.867700000000000000e+04 8.095238095238095344e-01 2.825799105738713592e+02
5.867800000000000000e+04 8.571428571428570953e-01 2.833625343659962823e+02
5.867900000000000000e+04 9.047619047619047672e-01 2.841652173669374974e+02
5.868000000000000000e+04 9.523809523809523281e-01 2.859580084869512007e+02
5.868100000000000000e+04 7.692307692307692735e-02 2.865893562516577617e+02
5.868200000000000000e+04 1.538461538461538547e-01 2.871753596646170763e+02
5.868300000000000000e+04 2.307692307692307820e-01 2.876604369780424690e+02
5.868400000000000000e+04 3.076923076923077094e-01 2.885759149952553457e+02
5.868500000000000000e+04 3.846153846153846367e-01 2.890780106036806387e+02
5.868600000000000000e+04 4.615384615384615641e-01 2.899655915859014499e+02
5.868700000000000000e+04 5.384615384615384359e-01 2.905940022796360154e+02
5.868800000000000000e+04 6.153846153846154188e-01 2.914484026541677508e+02
5.868900000000000000e+04 6.923076923076922906e-01 2.921003228946880199e+02
5.869000000000000000e+04 7.692307692307692735e-01 2.930734621447442692e+02
5.869100000000000000e+04 8.461538461538461453e-01 2.942069964406524605e+02
5.869200000000000000e+04 9.230769230769231282e-01 2.952051447262293209e+02
5.869300000000000000e+04 1.428571428571428492e-01 2.877065507369411534e+02
5.869400000000000000e+04 2.857142857142856984e-01 2.884608716235670158e+02
5.869500000000000000e+04 4.285714285714285476e-01 2.892896055977710716e+02
5.869600000000000000e+04 5.714285714285713969e-01 2.903816220811631297e+02
5.869700000000000000e+04 7.142857142857143016e-01 2.920635554924490975e+02
5.869800000000000000e+04 8.571428571428570953e-01 2.933185056906641535e+02
5.869900000000000000e+04 5.000000000000000000e-01 2.675937894510418573e+02
5.870000000000000000e+04 3.333333333333333148e-01 2.665157949702208953e+02
5.870100000000000000e+04 6.666666666666666297e-01 2.671804753445362621e+02
5.870200000000000000e+04 2.500000000000000000e-01 2.595078851933030251e+02
5.870300000000000000e+04 5.000000000000000000e-01 2.603595306594448857e+02
5.870400000000000000e+04 7.500000000000000000e-01 2.609834697590371206e+02
5.870500000000000000e+04 3.333333333333333148e-01 2.555088058141495537e+02
5.870600000000000000e+04 6.666666666666666297e-01 2.561259767791179343e+02
5.870700000000000000e+04 2.500000000000000000e-01 2.339182509585245668e+02
5.870800000000000000e+04 5.000000000000000000e-01 2.346282509585245748e+02
5.870900000000000000e+04 7.500000000000000000e-01 2.352205346743230336e+02
5.871000000000000000e+04 3.333333333333333148e-01 2.169412348042701240e+02
5.871100000000000000e+04 6.666666666666666297e-01 2.177283815504362963e+02
5.871200000000000000e+04 1.666666666666666574e-01 1.813806370315061827e+02
5.871300000000000000e+04 3.333333333333333148e-01 1.820175828690779269e+02
5.871400000000000000e+04 5.000000000000000000e-01 1.823499982718498131e+02
5.871500000000000000e+04 6.666666666666666297e-01 1.830973268475111411e+02
5.871600000000000000e+04 8.333333333333333703e-01 1.839305135012688766e+02
5.871700000000000000e+04 2.500000000000000000e-01 1.800598982053612076e+02
5.871800000000000000e+04 5.000000000000000000e-01 1.807701094415438092e+02
5.871900000000000000e+04 7.500000000000000000e-01 1.815357464312458546e+02
5.872000000000000000e+04 3.333333333333333148e-01 1.736994742588848055e+02
5.872100000000000000e+04 6.666666666666666297e-01 1.741944490057153985e+02
5.872200000000000000e+04 3.333333333333333148e-01 1.647551227082106777e+02
5.872300000000000000e+04 6.666666666666666297e-01 1.653654504889973680e+02
5.872400000000000000e+04 3.333333333333333148e-01 1.634719906275591939e+02
5.872500000000000000e+04 6.666666666666666297e-01 1.641579935430048920e+02
5.872600000000000000e+04 3.333333333333333148e-01 1.544766503198166845e+02
5.872700000000000000e+04 6.666666666666666297e-01 1.552134678006082140e+02
5.872800000000000000e+04 2.500000000000000000e-01 1.529128912985189004e+02
5.872900000000000000e+04 5.000000000000000000e-01 1.545491370013398580e+02
5.873000000000000000e+04 7.500000000000000000e-01 1.575522187518088799e+02
5.873100000000000000e+04 5.000000000000000000e-01 1.608140280656713514e+02
5.873200000000000000e+04 3.333333333333333148e-01 1.624183971005258798e+02
5.873300000000000000e+04 6.666666666666666297e-01 1.635822269850021371e+02
5.873400000000000000e+04 1.250000000000000000e-01 1.654204054311819334e+02
5.873500000000000000e+04 2.500000000000000000e-01 1.677922823251205671e+02
5.873600000000000000e+04 3.750000000000000000e-01 1.705788572837391257e+02
5.873700000000000000e+04 5.000000000000000000e-01 1.737457800803983901e+02
5.873800000000000000e+04 6.250000000000000000e-01 1.762907555223231100e+02
5.873900000000000000e+04 7.500000000000000000e-01 1.782960485183713502e+02
5.874000000000000000e+04 8.750000000000000000e-01 1.794555742835012211e+02
5.874100000000000000e+04 6.250000000000000000e-02 1.810537607557252784e+02
5.874200000000000000e+04 1.250000000000000000e-01 1.822668971866348500e+02
5.874300000000000000e+04 1.875000000000000000e-01 1.842226579081956572e+02
5.874400000000000000e+04 2.500000000000000000e-01 1.861489756389970864e+02
5.874500000000000000e+04 3.125000000000000000e-01 1.879446649216960452e+02
5.874600000000000000e+04 3.750000000000000000e-01 1.896576155923226281e+02
5.874700000000000000e+04 4.375000000000000000e-01 1.912537672141931751e+02
5.874800000000000000e+04 5.000000000000000000e-01 1.926257730450845713e+02
5.874900000000000000e+04 5.625000000000000000e-01 1.940627142408194459e+02
5.875000000000000000e+04 6.250000000000000000e-01 1.958584035235184331e+02
5.875100000000000000e+04 6.875000000000000000e-01 1.975409313836146623e+02
5.875200000000000000e+04 7.500000000000000000e-01 1.995113374331384648e+02
5.875300000000000000e+04 8.125000000000000000e-01 2.015443893262292647e+02
5.875400000000000000e+04 8.750000000000000000e-01 2.032500563511787561e+02
5.875500000000000000e+04 9.375000000000000000e-01 2.043149037580873539e+02
5.875600000000000000e+04 2.000000000000000111e-01 2.059348728935958093e+02
5.875700000000000000e+04 4.000000000000000222e-01 2.071362887250213589e+02
5.875800000000000000e+04 5.999999999999999778e-01 2.084825799268049877e+02
5.875900000000000000e+04 8.000000000000000444e-01 2.099502651791666779e+02
5.876000000000000000e+04 2.500000000000000000e-01 2.112171116576320173e+02
5.876100000000000000e+04 5.000000000000000000e-01 2.124872691281844084e+02
5.876200000000000000e+04 7.500000000000000000e-01 2.137828385010857630e+02
5.876300000000000000e+04 1.111111111111111049e-01 2.144792579149449807e+02
5.876400000000000000e+04 2.222222222222222099e-01 2.155923167633443143e+02
5.876500000000000000e+04 3.333333333333333148e-01 2.164074241182368894e+02
5.876600000000000000e+04 4.444444444444444198e-01 2.174583760676617885e+02
5.876700000000000000e+04 5.555555555555555802e-01 2.187785654480159963e+02
5.876800000000000000e+04 6.666666666666666297e-01 2.201205416027966919e+02
5.876900000000000000e+04 7.777777777777777901e-01 2.207852219771120588e+02
5.877000000000000000e+04 8.888888888888888395e-01 2.213880486520361330e+02
5.877100000000000000e+04 2.000000000000000111e-01 2.224663806973728128e+02
5.877200000000000000e+04 4.000000000000000222e-01 2.237338979556379570e+02
5.877300000000000000e+04 5.999999999999999778e-01 2.249779638702903810e+02
5.877400000000000000e+04 8.000000000000000444e-01 2.261471516225355174e+02
5.877500000000000000e+04 5.000000000000000000e-01 2.274523719104562929e+02
5.877600000000000000e+04 1.000000000000000056e-01 2.278729667273525479e+02
5.877700000000000000e+04 2.000000000000000111e-01 2.292831085641902575e+02
5.877800000000000000e+04 2.999999999999999889e-01 2.300374294508160915e+02
5.877900000000000000e+04 4.000000000000000222e-01 2.311472492560097010e+02
5.878000000000000000e+04 5.000000000000000000e-01 2.320480266980007684e+02
5.878100000000000000e+04 5.999999999999999778e-01 2.327865387155062535e+02
5.878200000000000000e+04 6.999999999999999556e-01 2.340568142761622994e+02
5.878300000000000000e+04 8.000000000000000444e-01 2.348068809398662609e+02
5.878400000000000000e+04 9.000000000000000222e-01 2.361989657074002196e+02
5.878500000000000000e+04 9.090909090909091161e-02 2.370629680222119191e+02
5.878600000000000000e+04 1.818181818181818232e-01 2.378903131738868524e+02
5.878700000000000000e+04 2.727272727272727071e-01 2.390519499501641576e+02
5.878800000000000000e+04 3.636363636363636465e-01 2.400702819196122562e+02
5.878900000000000000e+04 4.545454545454545303e-01 2.412422887455309422e+02
5.879000000000000000e+04 5.454545454545454142e-01 2.424019438666768735e+02
5.879100000000000000e+04 6.363636363636363535e-01 2.435117636718704830e+02
5.879200000000000000e+04 7.272727272727272929e-01 2.450037757361648687e+02
5.879300000000000000e+04 8.181818181818182323e-01 2.461654125124422023e+02
5.879400000000000000e+04 9.090909090909090606e-01 2.471756105128361867e+02
5.879500000000000000e+04 2.500000000000000000e-01 2.483352656339821181e+02
5.879600000000000000e+04 5.000000000000000000e-01 2.495961383476213769e+02
5.879700000000000000e+04 7.500000000000000000e-01 2.511954194361108250e+02
5.879800000000000000e+04 3.333333333333333148e-01 2.522811910511385918e+02
5.879900000000000000e+04 6.666666666666666297e-01 2.530952549306959440e+02
5.880000000000000000e+04 2.500000000000000000e-01 2.546937855059431115e+02
5.880100000000000000e+04 5.000000000000000000e-01 2.553694333432074473e+02
5.880200000000000000e+04 7.500000000000000000e-01 2.561157576694892555e+02
5.880300000000000000e+04 2.000000000000000111e-01 2.569503833340838810e+02
5.880400000000000000e+04 4.000000000000000222e-01 2.574736423521619031e+02
5.880500000000000000e+04 5.999999999999999778e-01 2.587044550917775041e+02
5.880600000000000000e+04 8.000000000000000444e-01 2.602910867440522225e+02
5.880700000000000000e+04 1.428571428571428492e-01 2.614641596318132315e+02
5.880800000000000000e+04 2.857142857142856984e-01 2.627935203804439652e+02
5.880900000000000000e+04 4.285714285714285476e-01 2.635400456646775069e+02
5.881000000000000000e+04 5.714285714285713969e-01 2.643600456646775001e+02
5.881100000000000000e+04 7.142857142857143016e-01 2.655453304405858148e+02
5.881200000000000000e+04 8.571428571428570953e-01 2.667233372317377302e+02
5.881300000000000000e+04 3.333333333333333148e-01 2.677593874235720932e+02
5.881400000000000000e+04 6.666666666666666297e-01 2.690978193419003901e+02
5.881500000000000000e+04 5.000000000000000278e-02 2.697841137393713211e+02
5.881600000000000000e+04 1.000000000000000056e-01 2.708909109204302581e+02
5.881700000000000000e+04 1.499999999999999944e-01 2.715278567580020308e+02
5.881800000000000000e+04 2.000000000000000111e-01 2.722364469075242823e+02
5.881900000000000000e+04 2.500000000000000000e-01 2.728885971969514799e+02
5.882000000000000000e+04 2.999999999999999889e-01 2.735658711444793880e+02
5.882100000000000000e+04 3.499999999999999778e-01 2.741518745574387026e+02
5.882200000000000000e+04 4.000000000000000222e-01 2.752754848101508856e+02
5.882300000000000000e+04 4.500000000000000111e-01 2.761576412588605081e+02
5.882400000000000000e+04 5.000000000000000000e-01 2.767293929532174275e+02
5.882500000000000000e+04 5.500000000000000444e-01 2.776169739354381818e+02
5.882600000000000000e+04 5.999999999999999778e-01 2.787841071754754694e+02
5.882700000000000000e+04 6.500000000000000222e-01 2.799227467145746573e+02
5.882800000000000000e+04 6.999999999999999556e-01 2.807174164572979862e+02
5.882900000000000000e+04 7.500000000000000000e-01 2.815447616089729195e+02
5.883000000000000000e+04 8.000000000000000444e-01 2.822910859352547277e+02
5.883100000000000000e+04 8.499999999999999778e-01 2.832883321435704147e+02
5.883200000000000000e+04 9.000000000000000222e-01 2.843163399256421258e+02
5.883300000000000000e+04 9.499999999999999556e-01 2.848023440408510396e+02
5.883400000000000000e+04 5.263157894736841813e-02 2.855886009963051606e+02
5.883500000000000000e+04 1.052631578947368363e-01 2.861749456048759157e+02
5.883600000000000000e+04 1.578947368421052544e-01 2.872625576680675863e+02
5.883700000000000000e+04 2.105263157894736725e-01 2.879299406166061317e+02
5.883800000000000000e+04 2.631578947368420907e-01 2.885697061986750782e+02
5.883900000000000000e+04 3.157894736842105088e-01 2.894312165004126314e+02
5.884000000000000000e+04 3.684210526315789269e-01 2.904367014580325872e+02
5.884100000000000000e+04 4.210526315789473450e-01 2.919043867103943057e+02
5.884200000000000000e+04 4.736842105263157632e-01 2.927503772540766818e+02
5.884300000000000000e+04 5.263157894736841813e-01 2.937232595696729618e+02
5.884400000000000000e+04 5.789473684210526550e-01 2.951991321929030505e+02
5.884500000000000000e+04 6.315789473684210176e-01 2.960855293950646683e+02
5.884600000000000000e+04 6.842105263157894912e-01 2.969218307761468623e+02
5.884700000000000000e+04 7.368421052631578538e-01 2.976747583955100822e+02
5.884800000000000000e+04 7.894736842105263275e-01 2.982116010167688387e+02
5.884900000000000000e+04 8.421052631578946901e-01 2.989046378123288150e+02
5.885000000000000000e+04 8.947368421052631637e-01 2.996434882708114742e+02
5.885100000000000000e+04 9.473684210526315264e-01 3.001286686496397920e+02
5.885200000000000000e+04 3.333333333333333148e-01 2.857876866208708293e+02
5.885300000000000000e+04 6.666666666666666297e-01 2.873672118659998773e+02
5.885400000000000000e+04 3.333333333333333148e-01 2.696234618059384616e+02
5.885500000000000000e+04 6.666666666666666297e-01 2.703697861322202698e+02
5.885600000000000000e+04 3.333333333333333148e-01 2.673880176060530971e+02
5.885700000000000000e+04 6.666666666666666297e-01 2.678478001633559984e+02
5.885800000000000000e+04 3.333333333333333148e-01 2.609822451918773254e+02
5.885900000000000000e+04 6.666666666666666297e-01 2.623223944372974188e+02
5.886000000000000000e+04 3.333333333333333148e-01 2.571175061409131217e+02
5.886100000000000000e+04 6.666666666666666297e-01 2.577544519784848944e+02
5.886200000000000000e+04 3.333333333333333148e-01 2.539050079794706960e+02
5.886300000000000000e+04 6.666666666666666297e-01 2.546515332637042661e+02
5.886400000000000000e+04 5.000000000000000000e-01 2.523054194361108387e+02
5.886500000000000000e+04 3.333333333333333148e-01 2.482537570705916607e+02
5.886600000000000000e+04 6.666666666666666297e-01 2.488437570705916642e+02
5.886700000000000000e+04 6.666666666666666574e-02 2.367912494231986500e+02
5.886800000000000000e+04 1.333333333333333315e-01 2.373933291521382785e+02
5.886900000000000000e+04 2.000000000000000111e-01 2.382943285971991543e+02
5.887000000000000000e+04 2.666666666666666630e-01 2.390437950741012116e+02
5.887100000000000000e+04 3.333333333333333148e-01 2.403876700682878038e+02
5.887200000000000000e+04 4.000000000000000222e-01 2.407656912317165450e+02
5.887300000000000000e+04 4.666666666666666741e-01 2.416274916726540027e+02
5.887400000000000000e+04 5.333333333333333259e-01 2.423084468841033470e+02
5.887500000000000000e+04 5.999999999999999778e-01 2.433114922469858072e+02
5.887600000000000000e+04 6.666666666666666297e-01 2.442252208719067994e+02
5.887700000000000000e+04 7.333333333333332815e-01 2.452761728213316985e+02
5.887800000000000000e+04 8.000000000000000444e-01 2.460226981055652686e+02
5.887900000000000000e+04 8.666666666666666963e-01 2.469930588632219610e+02
5.888000000000000000e+04 9.333333333333333481e-01 2.480981380459052446e+02
5.888100000000000000e+04 5.000000000000000000e-01 2.288616625121421180e+02
5.888200000000000000e+04 3.333333333333333148e-01 2.269061641389013460e+02
5.888300000000000000e+04 6.666666666666666297e-01 2.275835857210789470e+02
5.888400000000000000e+04 3.333333333333333148e-01 2.220966388015584130e+02
5.888500000000000000e+04 6.666666666666666297e-01 2.226243697936367596e+02
5.888600000000000000e+04 8.333333333333332871e-02 2.144197843386575357e+02
5.888700000000000000e+04 1.666666666666666574e-01 2.156121768914688914e+02
5.888800000000000000e+04 2.500000000000000000e-01 2.169177036050982963e+02
5.888900000000000000e+04 3.333333333333333148e-01 2.174294652683752531e+02
5.889000000000000000e+04 4.166666666666666852e-01 2.197084562731841686e+02
5.889100000000000000e+04 5.000000000000000000e-01 2.210204395047843491e+02
5.889200000000000000e+04 5.833333333333333703e-01 2.230714880171311449e+02
5.889300000000000000e+04 6.666666666666666297e-01 2.239354903319428729e+02
5.889400000000000000e+04 7.500000000000000000e-01 2.252310597048442276e+02
5.889500000000000000e+04 8.333333333333333703e-01 2.265365864184736040e+02
5.889600000000000000e+04 9.166666666666666297e-01 2.281994153333052111e+02
5.889700000000000000e+04 1.428571428571428492e-01 2.292036563402353124e+02
5.889800000000000000e+04 2.857142857142856984e-01 2.304248852295103802e+02
5.889900000000000000e+04 4.285714285714285476e-01 2.314848852295103825e+02
5.890000000000000000e+04 5.714285714285713969e-01 2.326011737226876619e+02
5.890100000000000000e+04 7.142857142857143016e-01 2.337084225655409568e+02
5.890200000000000000e+04 8.571428571428570953e-01 2.353627804470164335e+02
5.890300000000000000e+04 5.000000000000000278e-02 2.360490748444873645e+02
5.890400000000000000e+04 1.000000000000000056e-01 2.374256648342809797e+02
5.890500000000000000e+04 1.499999999999999944e-01 2.383423436220796532e+02
5.890600000000000000e+04 2.000000000000000111e-01 2.398108803087170600e+02
5.890700000000000000e+04 2.500000000000000000e-01 2.407761781902023870e+02
5.890800000000000000e+04 2.999999999999999889e-01 2.417658245917014028e+02
5.890900000000000000e+04 3.499999999999999778e-01 2.425947998627439119e+02
5.891000000000000000e+04 4.000000000000000222e-01 2.435970972238099819e+02
5.891100000000000000e+04 4.500000000000000111e-01 2.446762635687262843e+02
5.891200000000000000e+04 5.000000000000000000e-01 2.470021612448935002e+02
5.891300000000000000e+04 5.500000000000000444e-01 2.477486865291270419e+02
5.891400000000000000e+04 5.999999999999999778e-01 2.490396164265265782e+02
5.891500000000000000e+04 6.500000000000000222e-01 2.499603226771841946e+02
5.891600000000000000e+04 6.999999999999999556e-01 2.513332756989587722e+02
5.891700000000000000e+04 7.500000000000000000e-01 2.519592149931399376e+02
5.891800000000000000e+04 8.000000000000000444e-01 2.535086987781470782e+02
5.891900000000000000e+04 8.499999999999999778e-01 2.543691056586402510e+02
5.892000000000000000e+04 9.000000000000000222e-01 2.552745337341934544e+02
5.892100000000000000e+04 9.499999999999999556e-01 2.561491765184202336e+02
5.892200000000000000e+04 3.333333333333333148e-01 2.569864339459775806e+02
5.892300000000000000e+04 6.666666666666666297e-01 2.575667786711194935e+02
5.892400000000000000e+04 2.000000000000000111e-01 2.581527820840788081e+02
5.892500000000000000e+04 4.000000000000000222e-01 2.589071029707046705e+02
5.892600000000000000e+04 5.999999999999999778e-01 2.602219413638161427e+02
5.892700000000000000e+04 8.000000000000000444e-01 2.610735868299580034e+02
5.892800000000000000e+04 5.000000000000000000e-01 2.624978410207539810e+02
5.892900000000000000e+04 5.555555555555555247e-02 2.632346585015455389e+02
5.893000000000000000e+04 1.111111111111111049e-01 2.643444783067391768e+02
5.893100000000000000e+04 1.666666666666666574e-01 2.649308229153099319e+02
5.893200000000000000e+04 2.222222222222222099e-01 2.657429805354797736e+02
5.893300000000000000e+04 2.777777777777777901e-01 2.667460258983622339e+02
5.893400000000000000e+04 3.333333333333333148e-01 2.674401440439253861e+02
5.893500000000000000e+04 3.888888888888888951e-01 2.680342820750258852e+02
5.893600000000000000e+04 4.444444444444444198e-01 2.691494950591683732e+02
5.893700000000000000e+04 5.000000000000000000e-01 2.702965783168266967e+02
5.893800000000000000e+04 5.555555555555555802e-01 2.707310895364747125e+02
5.893900000000000000e+04 6.111111111111111605e-01 2.713331692654143126e+02
5.894000000000000000e+04 6.666666666666666297e-01 2.717575511688927463e+02
5.894100000000000000e+04 7.222222222222222099e-01 2.724349727510703474e+02
5.894200000000000000e+04 7.777777777777777901e-01 2.733481540036155479e+02
5.894300000000000000e+04 8.333333333333333703e-01 2.739982309221413743e+02
5.894400000000000000e+04 8.888888888888888395e-01 2.750712174085427932e+02
5.894500000000000000e+04 9.444444444444444198e-01 2.766732785809079473e+02
5.894600000000000000e+04 2.000000000000000111e-01 2.775877729767354936e+02
5.894700000000000000e+04 4.000000000000000222e-01 2.785555022777282943e+02
5.894800000000000000e+04 5.999999999999999778e-01 2.790580955526534694e+02
5.894900000000000000e+04 8.000000000000000444e-01 2.798880955526534535e+02
5.895000000000000000e+04 1.666666666666666574e-01 2.778844763351991105e+02
5.895100000000000000e+04 3.333333333333333148e-01 2.784711619409540049e+02
5.895200000000000000e+04 5.000000000000000000e-01 2.793400693008031226e+02
5.895300000000000000e+04 6.666666666666666297e-01 2.799260727137624940e+02
5.895400000000000000e+04 8.333333333333333703e-01 2.805211357356349708e+02
5.895500000000000000e+04 2.000000000000000111e-01 2.818985971688518930e+02
5.895600000000000000e+04 4.000000000000000222e-01 2.827329831706520054e+02
5.895700000000000000e+04 5.999999999999999778e-01 2.839520401832646144e+02
5.895800000000000000e+04 8.000000000000000444e-01 2.847346639753895374e+02
5.895900000000000000e+04 3.333333333333333148e-01 2.813472107927574939e+02
5.896000000000000000e+04 6.666666666666666297e-01 2.821815967945576062e+02
5.896100000000000000e+04 6.666666666666666574e-02 2.633933855478435362e+02
5.896200000000000000e+04 1.333333333333333315e-01 2.640304883652913759e+02
5.896300000000000000e+04 2.000000000000000111e-01 2.652156043933662204e+02
5.896400000000000000e+04 2.666666666666666630e-01 2.656856043933662477e+02
5.896500000000000000e+04 3.333333333333333148e-01 2.661789602487080515e+02
5.896600000000000000e+04 4.000000000000000222e-01 2.669324189403428136e+02
5.896700000000000000e+04 4.666666666666666741e-01 2.677611529145468694e+02
5.896800000000000000e+04 5.333333333333333259e-01 2.690313103850992320e+02
5.896900000000000000e+04 5.999999999999999778e-01 2.700343557479816923e+02
5.897000000000000000e+04 6.666666666666666297e-01 2.705194330614071418e+02
5.897100000000000000e+04 7.333333333333332815e-01 2.712294330614071214e+02
5.897200000000000000e+04 8.000000000000000444e-01 2.722715942773425581e+02
5.897300000000000000e+04 8.666666666666666963e-01 2.729817351084457755e+02
5.897400000000000000e+04 9.333333333333333481e-01 2.739812349833832172e+02
5.897500000000000000e+04 2.500000000000000000e-01 2.744663122968086100e+02
5.897600000000000000e+04 5.000000000000000000e-01 2.751505637125908379e+02
5.897700000000000000e+04 7.500000000000000000e-01 2.760080017569998745e+02
5.897800000000000000e+04 3.333333333333333148e-01 2.744250818038066768e+02
5.897900000000000000e+04 6.666666666666666297e-01 2.753650818038066745e+02
5.898000000000000000e+04 3.333333333333333148e-01 2.617595897454036731e+02
5.898100000000000000e+04 6.666666666666666297e-01 2.624698009815862747e+02
5.898200000000000000e+04 2.500000000000000000e-01 2.580518559845448863e+02
5.898300000000000000e+04 5.000000000000000000e-01 2.586520226280698580e+02
5.898400000000000000e+04 7.500000000000000000e-01 2.592420226280698898e+02
5.898500000000000000e+04 2.500000000000000000e-01 2.571641642030745629e+02
5.898600000000000000e+04 5.000000000000000000e-01 2.581413540515687259e+02
5.898700000000000000e+04 7.500000000000000000e-01 2.586264313649941187e+02
5.898800000000000000e+04 3.333333333333333148e-01 2.362657754636139771e+02
5.898900000000000000e+04 6.666666666666666297e-01 2.372688208264964373e+02
5.899000000000000000e+04 3.333333333333333148e-01 2.288994153333052282e+02
5.899100000000000000e+04 6.666666666666666297e-01 2.302138733965389008e+02
5.899200000000000000e+04 3.333333333333333148e-01 2.108636106778691044e+02
5.899300000000000000e+04 6.666666666666666297e-01 2.116130771547711902e+02
5.899400000000000000e+04 3.333333333333333148e-01 2.052064754041147410e+02
5.899500000000000000e+04 6.666666666666666297e-01 2.059607962907406034e+02
5.899600000000000000e+04 1.250000000000000000e-01 1.804581210405155787e+02
5.899700000000000000e+04 2.500000000000000000e-01 1.820276432608106632e+02
5.899800000000000000e+04 3.750000000000000000e-01 1.844825567012398722e+02
5.899900000000000000e+04 5.000000000000000000e-01 1.871032627129855541e+02
5.900000000000000000e+04 6.250000000000000000e-01 1.898154942665222222e+02
5.900100000000000000e+04 7.500000000000000000e-01 1.913503232472233435e+02
5.900200000000000000e+04 8.750000000000000000e-01 1.926458926201247266e+02
5.900300000000000000e+04 5.882352941176470507e-02 1.937589963888722764e+02
5.900400000000000000e+04 1.176470588235294101e-01 1.946597738308633438e+02
5.900500000000000000e+04 1.764705882352941291e-01 1.967833792556068602e+02
5.900600000000000000e+04 2.352941176470588203e-01 1.981117617306493344e+02
5.900700000000000000e+04 2.941176470588235392e-01 2.001159822773956307e+02
5.900800000000000000e+04 3.529411764705882582e-01 2.011190276402780910e+02
5.900900000000000000e+04 4.117647058823529216e-01 2.027552733430990486e+02
5.901000000000000000e+04 4.705882352941176405e-01 2.038175350810901989e+02
5.901100000000000000e+04 5.294117647058823595e-01 2.053652107577098320e+02
5.901200000000000000e+04 5.882352941176470784e-01 2.074423722824834897e+02
5.901300000000000000e+04 6.470588235294117974e-01 2.101682849736752132e+02
5.901400000000000000e+04 7.058823529411765163e-01 2.112730926492459389e+02
5.901500000000000000e+04 7.647058823529411242e-01 2.132378063688498742e+02
5.901600000000000000e+04 8.235294117647058432e-01 2.146279862133304448e+02
5.901700000000000000e+04 8.823529411764705621e-01 2.160819119335789082e+02
5.901800000000000000e+04 9.411764705882352811e-01 2.173874386472083131e+02
5.901900000000000000e+04 5.000000000000000000e-01 2.185736932573152558e+02
5.902000000000000000e+04 2.000000000000000111e-01 2.194072998791699831e+02
5.902100000000000000e+04 4.000000000000000222e-01 2.202360338533740105e+02
5.902200000000000000e+04 5.999999999999999778e-01 2.216985317166202947e+02
5.902300000000000000e+04 8.000000000000000444e-01 2.232848166847139737e+02
5.902400000000000000e+04 5.000000000000000000e-01 2.249617484066394866e+02
5.902500000000000000e+04 5.000000000000000000e-01 2.265260054187701542e+02
5.902600000000000000e+04 1.250000000000000000e-01 2.280562995081529891e+02
5.902700000000000000e+04 2.500000000000000000e-01 2.295115314484291673e+02
5.902800000000000000e+04 3.750000000000000000e-01 2.320337923389795378e+02
5.902900000000000000e+04 5.000000000000000000e-01 2.331974073956026530e+02
5.903000000000000000e+04 6.250000000000000000e-01 2.343072272007962624e+02
5.903100000000000000e+04 7.500000000000000000e-01 2.367307164209084362e+02
5.903200000000000000e+04 8.750000000000000000e-01 2.377264071359399793e+02
5.903300000000000000e+04 1.000000000000000056e-01 2.390223237999272783e+02
5.903400000000000000e+04 2.000000000000000111e-01 2.406882769805419002e+02
5.903500000000000000e+04 2.999999999999999889e-01 2.421042572063925320e+02
5.903600000000000000e+04 4.000000000000000222e-01 2.435570476248631451e+02
5.903700000000000000e+04 5.000000000000000000e-01 2.453358674583482752e+02
5.903800000000000000e+04 5.999999999999999778e-01 2.470381894020475215e+02
5.903900000000000000e+04 6.999999999999999556e-01 2.481555971163577397e+02
5.904000000000000000e+04 8.000000000000000444e-01 2.498099549978331879e+02
5.904100000000000000e+04 9.000000000000000222e-01 2.515101020502966094e+02
5.904200000000000000e+04 5.000000000000000000e-01 2.534603584436972312e+02
5.904300000000000000e+04 2.500000000000000000e-01 2.553007931749496322e+02
5.904400000000000000e+04 5.000000000000000000e-01 2.565164000192870617e+02
5.904500000000000000e+04 7.500000000000000000e-01 2.574777532322113984e+02
5.904600000000000000e+04 7.142857142857142461e-02 2.582749357709062679e+02
5.904700000000000000e+04 1.428571428571428492e-01 2.596469416017976641e+02
5.904800000000000000e+04 2.142857142857142738e-01 2.605013419763294564e+02
5.904900000000000000e+04 2.857142857142856984e-01 2.620099837495811244e+02
5.905000000000000000e+04 3.571428571428571508e-01 2.627199837495811607e+02
5.905100000000000000e+04 4.285714285714285476e-01 2.635575994132360051e+02
5.905200000000000000e+04 5.000000000000000000e-01 2.650922980807274598e+02
5.905300000000000000e+04 5.714285714285713969e-01 2.658015230097873314e+02
5.905400000000000000e+04 6.428571428571429047e-01 2.672972836858314736e+02
5.905500000000000000e+04 7.142857142857143016e-01 2.681246288375064069e+02
5.905600000000000000e+04 7.857142857142856984e-01 2.689892096607959502e+02
5.905700000000000000e+04 8.571428571428570953e-01 2.695814933765943806e+02
5.905800000000000000e+04 9.285714285714286031e-01 2.699739217140013920e+02
5.905900000000000000e+04 1.111111111111111049e-01 2.704566224494472522e+02
5.906000000000000000e+04 2.222222222222222099e-01 2.718766224494472681e+02
5.906100000000000000e+04 3.333333333333333148e-01 2.728217679408928689e+02
5.906200000000000000e+04 4.444444444444444198e-01 2.733167426877234334e+02
5.906300000000000000e+04 5.555555555555555802e-01 2.741950934149389241e+02
5.906400000000000000e+04 6.666666666666666297e-01 2.757124925054882851e+02
5.906500000000000000e+04 7.777777777777777901e-01 2.760957678634230206e+02
5.906600000000000000e+04 8.888888888888888395e-01 2.768158373045188227e+02
5.906700000000000000e+04 1.111111111111111049e-01 2.772858373045188500e+02
5.906800000000000000e+04 2.222222222222222099e-01 2.780474146151052537e+02
5.906900000000000000e+04 3.333333333333333148e-01 2.791141854433528238e+02
5.907000000000000000e+04 4.444444444444444198e-01 2.797778871835946006e+02
5.907100000000000000e+04 5.555555555555555802e-01 2.806017803805564768e+02
5.907200000000000000e+04 6.666666666666666297e-01 2.814448106291241061e+02
5.907300000000000000e+04 7.777777777777777901e-01 2.824347601227852920e+02
5.907400000000000000e+04 8.888888888888888395e-01 2.832221609101864601e+02
5.907500000000000000e+04 3.333333333333333148e-01 2.771858373045188273e+02
5.907600000000000000e+04 6.666666666666666297e-01 2.782552764098446119e+02
5.907700000000000000e+04 2.500000000000000000e-01 2.710585875611635629e+02
5.907800000000000000e+04 5.000000000000000000e-01 2.714829694646419966e+02
5.907900000000000000e+04 7.500000000000000000e-01 2.722372903512678590e+02
5.908000000000000000e+04 5.000000000000000000e-01 2.581953882369317625e+02
5.908100000000000000e+04 3.333333333333333148e-01 2.591752351637524612e+02
5.908200000000000000e+04 6.666666666666666297e-01 2.604179338400211350e+02
5.908300000000000000e+04 1.111111111111111049e-01 2.612484758317349929e+02
5.908400000000000000e+04 2.222222222222222099e-01 2.623902726612979563e+02
5.908500000000000000e+04 3.333333333333333148e-01 2.630920561036788285e+02
5.908600000000000000e+04 4.444444444444444198e-01 2.641544119762563696e+02
5.908700000000000000e+04 5.555555555555555802e-01 2.650437937840307541e+02
5.908800000000000000e+04 6.666666666666666297e-01 2.658725277582347530e+02
5.908900000000000000e+04 7.777777777777777901e-01 2.669823475634283909e+02
5.909000000000000000e+04 8.888888888888888395e-01 2.674351168203352813e+02
5.909100000000000000e+04 5.000000000000000278e-02 2.686979311376440478e+02
5.909200000000000000e+04 1.000000000000000056e-01 2.697162631070921179e+02
5.909300000000000000e+04 1.499999999999999944e-01 2.709305118460249560e+02
5.909400000000000000e+04 2.000000000000000111e-01 2.718341157415455314e+02
5.909500000000000000e+04 2.500000000000000000e-01 2.729303365222279467e+02
5.909600000000000000e+04 2.999999999999999889e-01 2.738703365222279444e+02
5.909700000000000000e+04 3.499999999999999778e-01 2.744563399351872590e+02
5.909800000000000000e+04 4.000000000000000222e-01 2.747246680924872635e+02
5.909900000000000000e+04 4.500000000000000111e-01 2.757433437032682377e+02
5.910000000000000000e+04 5.000000000000000000e-01 2.768978565875618756e+02
5.910100000000000000e+04 5.500000000000000444e-01 2.777182223596416293e+02
5.910200000000000000e+04 5.999999999999999778e-01 2.786272878138307192e+02
5.910300000000000000e+04 6.500000000000000222e-01 2.798388157747131686e+02
5.910400000000000000e+04 6.999999999999999556e-01 2.808042172456049457e+02
5.910500000000000000e+04 7.500000000000000000e-01 2.814751866934935833e+02
5.910600000000000000e+04 8.000000000000000444e-01 2.818076020962654979e+02
5.910700000000000000e+04 8.499999999999999778e-01 2.823976020962654729e+02
5.910800000000000000e+04 9.000000000000000222e-01 2.830649101210935896e+02
5.910900000000000000e+04 9.499999999999999556e-01 2.835896005059873914e+02
5.911000000000000000e+04 7.692307692307692735e-02 2.685097795581279456e+02
5.911100000000000000e+04 1.538461538461538547e-01 2.692641004447538080e+02
5.911200000000000000e+04 2.307692307692307820e-01 2.705403841122823110e+02
5.911300000000000000e+04 3.076923076923077094e-01 2.714223705067352057e+02
5.911400000000000000e+04 3.846153846153846367e-01 2.718933269803078474e+02
5.911500000000000000e+04 4.615384615384615641e-01 2.727916031071196130e+02
5.911600000000000000e+04 5.384615384615384359e-01 2.738439813661120752e+02
5.911700000000000000e+04 6.153846153846154188e-01 2.744480508985336087e+02
5.911800000000000000e+04 6.923076923076922906e-01 2.750812965064931177e+02
5.911900000000000000e+04 7.692307692307692735e-01 2.756794603636426473e+02
5.912000000000000000e+04 8.461538461538461453e-01 2.772141590311341020e+02
5.912100000000000000e+04 9.230769230769231282e-01 2.779940308154679087e+02
5.912200000000000000e+04 5.000000000000000000e-01 2.788485482231314450e+02
5.912300000000000000e+04 3.571428571428571230e-02 2.794513748980555192e+02
5.912400000000000000e+04 7.142857142857142461e-02 2.803400818238752663e+02
5.912500000000000000e+04 1.071428571428571369e-01 2.812892920218820336e+02
5.912600000000000000e+04 1.428571428571428492e-01 2.818360094991954838e+02
5.912700000000000000e+04 1.785714285714285754e-01 2.830516163435328849e+02
5.912800000000000000e+04 2.142857142857142738e-01 2.843143118729460639e+02
5.912900000000000000e+04 2.500000000000000000e-01 2.851024742927555735e+02
5.913000000000000000e+04 2.857142857142856984e-01 2.857357199007150825e+02
5.913100000000000000e+04 3.214285714285714524e-01 2.865303896434384114e+02
5.913200000000000000e+04 3.571428571428571508e-01 2.873820351095802721e+02
5.913300000000000000e+04 3.928571428571428492e-01 2.879740655142048809e+02
5.913400000000000000e+04 4.285714285714285476e-01 2.892929665719040031e+02
5.913500000000000000e+04 4.642857142857143016e-01 2.900662065087929591e+02
5.913600000000000000e+04 5.000000000000000000e-01 2.906682862377325591e+02
5.913700000000000000e+04 5.357142857142856984e-01 2.912542896506918737e+02
5.913800000000000000e+04 5.714285714285713969e-01 2.921458612967192607e+02
5.913900000000000000e+04 6.071428571428570953e-01 2.930925397004023694e+02
5.914000000000000000e+04 6.428571428571429047e-01 2.940156864926299249e+02
5.914100000000000000e+04 6.785714285714286031e-01 2.948504319628182770e+02
5.914200000000000000e+04 7.142857142857143016e-01 2.956890617977275610e+02
5.914300000000000000e+04 7.500000000000000000e-01 2.965177957719315600e+02
5.914400000000000000e+04 7.857142857142856984e-01 2.976202022305483297e+02
5.914500000000000000e+04 8.214285714285713969e-01 2.983665265568301947e+02
5.914600000000000000e+04 8.571428571428570953e-01 2.994828150500075026e+02
5.914700000000000000e+04 8.928571428571429047e-01 3.003743866960348896e+02
5.914800000000000000e+04 9.285714285714286031e-01 3.013784783253197475e+02
5.914900000000000000e+04 9.642857142857143016e-01 3.025109534906103477e+02
5.915000000000000000e+04 2.000000000000000111e-01 2.795853657039230029e+02
5.915100000000000000e+04 4.000000000000000222e-01 2.809451083266277465e+02
5.915200000000000000e+04 5.999999999999999778e-01 2.823033792863408848e+02
5.915300000000000000e+04 8.000000000000000444e-01 2.835184924497952466e+02
5.915400000000000000e+04 2.500000000000000000e-01 2.783640308154679133e+02
5.915500000000000000e+04 5.000000000000000000e-01 2.788917618075462883e+02
5.915600000000000000e+04 7.500000000000000000e-01 2.793617618075462588e+02
5.915700000000000000e+04 3.333333333333333148e-01 2.611179338400211236e+02
5.915800000000000000e+04 6.666666666666666297e-01 2.619050805861872959e+02
5.915900000000000000e+04 3.333333333333333148e-01 2.587186472550098415e+02
5.916000000000000000e+04 6.666666666666666297e-01 2.596102189010372285e+02
5.916100000000000000e+04 2.500000000000000000e-01 2.543586902309562561e+02
5.916200000000000000e+04 5.000000000000000000e-01 2.554254610592038262e+02
5.916300000000000000e+04 7.500000000000000000e-01 2.557954610592038307e+02
5.916400000000000000e+04 2.500000000000000000e-01 2.523301020502966026e+02
5.916500000000000000e+04 5.000000000000000000e-01 2.529161054632559456e+02
5.916600000000000000e+04 7.500000000000000000e-01 2.534393644813339961e+02
5.916700000000000000e+04 3.333333333333333148e-01 2.386643303737371866e+02
5.916800000000000000e+04 6.666666666666666297e-01 2.394559110708237029e+02
5.916900000000000000e+04 2.500000000000000000e-01 2.275031952672642888e+02
5.917000000000000000e+04 5.000000000000000000e-01 2.283947669132916758e+02
5.917100000000000000e+04 7.500000000000000000e-01 2.293586652481797614e+02
5.917200000000000000e+04 3.333333333333333148e-01 2.256802190045069381e+02
5.917300000000000000e+04 6.666666666666666297e-01 2.263904302406895113e+02
5.917400000000000000e+04 3.333333333333333148e-01 2.242248166847139714e+02
5.917500000000000000e+04 6.666666666666666297e-01 2.249791375713398054e+02
5.917600000000000000e+04 3.333333333333333148e-01 2.194024272315192832e+02
5.917700000000000000e+04 6.666666666666666297e-01 2.201224966726150853e+02
5.917800000000000000e+04 3.333333333333333148e-01 2.184742689007437946e+02
5.917900000000000000e+04 6.666666666666666297e-01 2.190744355442687379e+02
5.918000000000000000e+04 2.500000000000000000e-01 1.936039114090845317e+02
5.918100000000000000e+04 5.000000000000000000e-01 1.939803420135789054e+02
5.918200000000000000e+04 7.500000000000000000e-01 1.943503420135789099e+02
5.918300000000000000e+04 3.333333333333333148e-01 1.648217833572579707e+02
5.918400000000000000e+04 6.666666666666666297e-01 1.654794306791562519e+02
5.918500000000000000e+04 3.333333333333333148e-01 1.618242260660653358e+02
5.918600000000000000e+04 6.666666666666666297e-01 1.634253818985813211e+02
5.918700000000000000e+04 2.500000000000000000e-01 1.585624167522028642e+02
5.918800000000000000e+04 5.000000000000000000e-01 1.589388473566972380e+02
5.918900000000000000e+04 7.500000000000000000e-01 1.592888473566972323e+02
5.919000000000000000e+04 2.000000000000000111e-01 1.512014622673584654e+02
5.919100000000000000e+04 4.000000000000000222e-01 1.523114622673584790e+02
5.919200000000000000e+04 5.999999999999999778e-01 1.526814622673584836e+02
5.919300000000000000e+04 8.000000000000000444e-01 1.531641630028043721e+02
5.919400000000000000e+04 3.333333333333333148e-01 1.496047607428119761e+02
5.919500000000000000e+04 6.666666666666666297e-01 1.503919074889781484e+02
5.919600000000000000e+04 2.500000000000000000e-01 1.488940225523641629e+02
5.919700000000000000e+04 5.000000000000000000e-01 1.497454918706604587e+02
5.919800000000000000e+04 7.500000000000000000e-01 1.502404666174910517e+02
5.919900000000000000e+04 3.333333333333333148e-01 1.349744478393816394e+02
5.920000000000000000e+04 6.666666666666666297e-01 1.358975946316091949e+02
5.920100000000000000e+04 2.500000000000000000e-01 1.313661942001557748e+02
5.920200000000000000e+04 5.000000000000000000e-01 1.317361942001557793e+02
5.920300000000000000e+04 7.500000000000000000e-01 1.323221976131151223e+02
5.920400000000000000e+04 3.333333333333333148e-01 1.295098782355653100e+02
5.920500000000000000e+04 6.666666666666666297e-01 1.309014600693070349e+02
