5.655600000000000000e+04 4.375000000000000000e-01 1.200074243369064533e+02
5.655700000000000000e+04 4.687500000000000000e-01 1.207900481290313763e+02
5.655800000000000000e+04 5.000000000000000000e-01 1.224553108710634035e+02
5.655900000000000000e+04 5.312500000000000000e-01 1.237161835847026339e+02
5.656000000000000000e+04 5.625000000000000000e-01 1.250795984151926064e+02
5.656100000000000000e+04 5.937500000000000000e-01 1.262040983040320867e+02
5.656200000000000000e+04 6.250000000000000000e-01 1.268694553510376863e+02
5.656300000000000000e+04 6.562500000000000000e-01 1.277649998781271989e+02
5.656400000000000000e+04 6.875000000000000000e-01 1.295521764222883974e+02
5.656500000000000000e+04 7.187500000000000000e-01 1.306451082591382544e+02
5.656600000000000000e+04 7.500000000000000000e-01 1.316584690043815442e+02
5.656700000000000000e+04 7.812500000000000000e-01 1.320084690043815385e+02
5.656800000000000000e+04 8.125000000000000000e-01 1.331182888095751480e+02
5.656900000000000000e+04 8.437500000000000000e-01 1.353447883042977651e+02
5.657000000000000000e+04 8.750000000000000000e-01 1.371404775869967523e+02
5.657100000000000000e+04 9.062500000000000000e-01 1.378438267179409991e+02
5.657200000000000000e+04 9.375000000000000000e-01 1.386711718696159323e+02
5.657300000000000000e+04 9.687500000000000000e-01 1.404140717519958628e+02
5.657400000000000000e+04 3.333333333333333148e-01 1.410510175895676355e+02
5.657500000000000000e+04 6.666666666666666297e-01 1.416842631975271445e+02
5.657600000000000000e+04 2.000000000000000111e-01 1.416902378853813218e+02
5.657700000000000000e+04 4.000000000000000222e-01 1.429511105990205806e+02
5.657800000000000000e+04 5.999999999999999778e-01 1.445816013226985888e+02
5.657900000000000000e+04 8.000000000000000444e-01 1.455592515669065961e+02
5.658000000000000000e+04 1.111111111111111049e-01 1.461832707973794925e+02
5.658100000000000000e+04 2.222222222222222099e-01 1.466431620888821783e+02
5.658200000000000000e+04 3.333333333333333148e-01 1.473657269648622048e+02
5.658300000000000000e+04 4.444444444444444198e-01 1.482073325732085323e+02
5.658400000000000000e+04 5.555555555555555802e-01 1.486873325732085505e+02
5.658500000000000000e+04 6.666666666666666297e-01 1.499347298635695722e+02
5.658600000000000000e+04 7.777777777777777901e-01 1.505930610871948829e+02
5.658700000000000000e+04 8.888888888888888395e-01 1.517948514183258908e+02
5.658800000000000000e+04 9.090909090909091161e-02 1.474190633853441454e+02
5.658900000000000000e+04 1.818181818181818232e-01 1.495064780542587926e+02
5.659000000000000000e+04 2.727272727272727071e-01 1.505535215108545515e+02
5.659100000000000000e+04 3.636363636363636465e-01 1.515668822560978128e+02
5.659200000000000000e+04 4.545454545454545303e-01 1.525420232715412112e+02
5.659300000000000000e+04 5.454545454545454142e-01 1.533969501690008883e+02
5.659400000000000000e+04 6.363636363636363535e-01 1.547699031907754659e+02
5.659500000000000000e+04 7.272727272727272929e-01 1.555525269829003889e+02
5.659600000000000000e+04 8.181818181818182323e-01 1.565674654046777903e+02
5.659700000000000000e+04 9.090909090909090606e-01 1.574617807852902729e+02
5.659800000000000000e+04 3.333333333333333148e-01 1.584212076975665582e+02
5.659900000000000000e+04 6.666666666666666297e-01 1.591038496242016151e+02
5.660000000000000000e+04 1.250000000000000000e-01 1.586121720230872256e+02
5.660100000000000000e+04 2.500000000000000000e-01 1.597973302403729861e+02
5.660200000000000000e+04 3.750000000000000000e-01 1.608482821897978852e+02
5.660300000000000000e+04 5.000000000000000000e-01 1.620165715375196100e+02
5.660400000000000000e+04 6.250000000000000000e-01 1.633582868575483928e+02
5.660500000000000000e+04 7.500000000000000000e-01 1.644485161912209037e+02
5.660600000000000000e+04 8.750000000000000000e-01 1.655255955754818729e+02
5.660700000000000000e+04 1.428571428571428492e-01 1.664957502023326583e+02
5.660800000000000000e+04 2.857142857142856984e-01 1.674927958381989583e+02
5.660900000000000000e+04 4.285714285714285476e-01 1.686155157498421033e+02
5.661000000000000000e+04 5.714285714285713969e-01 1.692055157498421067e+02
5.661100000000000000e+04 7.142857142857143016e-01 1.701531443690806782e+02
5.661200000000000000e+04 8.571428571428570953e-01 1.710447160151080652e+02
5.661300000000000000e+04 1.111111111111111049e-01 1.666124258290173543e+02
5.661400000000000000e+04 2.222222222222222099e-01 1.673950496211422774e+02
5.661500000000000000e+04 3.333333333333333148e-01 1.687098880142537780e+02
5.661600000000000000e+04 4.444444444444444198e-01 1.693774956834727732e+02
5.661700000000000000e+04 5.555555555555555802e-01 1.705371508046187046e+02
5.661800000000000000e+04 6.666666666666666297e-01 1.719542252557326947e+02
5.661900000000000000e+04 7.777777777777777901e-01 1.736159412362781040e+02
5.662000000000000000e+04 8.888888888888888395e-01 1.741036911722084142e+02
5.662100000000000000e+04 2.500000000000000000e-01 1.747896940876541123e+02
5.662200000000000000e+04 5.000000000000000000e-01 1.753129531057321628e+02
5.662300000000000000e+04 7.500000000000000000e-01 1.760231643419147360e+02
5.662400000000000000e+04 9.090909090909091161e-02 1.755900962314032370e+02
5.662500000000000000e+04 1.818181818181818232e-01 1.765505648670181529e+02
5.662600000000000000e+04 2.727272727272727071e-01 1.777637012979277245e+02
5.662700000000000000e+04 3.636363636363636465e-01 1.789238306010659585e+02
5.662800000000000000e+04 4.545454545454545303e-01 1.802639798464860519e+02
5.662900000000000000e+04 5.454545454545454142e-01 1.811374213156183259e+02
5.663000000000000000e+04 6.363636363636363535e-01 1.830064852524594414e+02
5.663100000000000000e+04 7.272727272727272929e-01 1.843442819485235304e+02
5.663200000000000000e+04 8.181818181818182323e-01 1.860370311916189223e+02
5.663300000000000000e+04 9.090909090909090606e-01 1.869601779838464779e+02
5.663400000000000000e+04 2.500000000000000000e-01 1.875934235918059869e+02
5.663500000000000000e+04 5.000000000000000000e-01 1.882510709137042966e+02
5.663600000000000000e+04 7.500000000000000000e-01 1.889717650235733686e+02
5.663700000000000000e+04 3.333333333333333148e-01 1.878758744401025922e+02
5.663800000000000000e+04 6.666666666666666297e-01 1.897080862182548913e+02
5.663900000000000000e+04 3.333333333333333148e-01 1.906486179827371075e+02
5.664000000000000000e+04 6.666666666666666297e-01 1.914214698443509803e+02
5.664100000000000000e+04 3.333333333333333148e-01 1.903727665925702581e+02
5.664200000000000000e+04 6.666666666666666297e-01 1.913179120840158873e+02
5.664300000000000000e+04 3.333333333333333148e-01 1.921005358761408104e+02
5.664400000000000000e+04 6.666666666666666297e-01 1.927759616677715258e+02
5.664500000000000000e+04 1.428571428571428492e-01 1.924036836990436541e+02
5.664600000000000000e+04 2.857142857142856984e-01 1.941993729817426413e+02
5.664700000000000000e+04 4.285714285714285476e-01 1.950615214608342853e+02
5.664800000000000000e+04 5.714285714285713969e-01 1.965292067131959755e+02
5.664900000000000000e+04 7.142857142857143016e-01 1.977533390589821636e+02
5.665000000000000000e+04 8.571428571428570953e-01 1.987309893031901993e+02
5.665100000000000000e+04 3.333333333333333148e-01 1.995240845055461136e+02
5.665200000000000000e+04 6.666666666666666297e-01 2.002801929633747591e+02
5.665300000000000000e+04 5.000000000000000000e-01 1.998906875398017746e+02
5.665400000000000000e+04 3.333333333333333148e-01 2.010432932833238056e+02
5.665500000000000000e+04 6.666666666666666297e-01 2.021925974206173180e+02
5.665600000000000000e+04 4.347826086956521618e-02 2.011806875398017667e+02
5.665700000000000000e+04 8.695652173913043237e-02 2.023730800926131224e+02
5.665800000000000000e+04 1.304347826086956486e-01 2.033670619837962477e+02
5.665900000000000000e+04 1.739130434782608647e-01 2.045474432781244900e+02
5.666000000000000000e+04 2.173913043478260809e-01 2.056451226484325900e+02
5.666100000000000000e+04 2.608695652173912971e-01 2.063945891253346758e+02
5.666200000000000000e+04 3.043478260869565410e-01 2.074416325819304348e+02
5.666300000000000000e+04 3.478260869565217295e-01 2.083867780733760640e+02
5.666400000000000000e+04 3.913043478260869734e-01 2.107855485917875171e+02
5.666500000000000000e+04 4.347826086956521618e-01 2.120959302155903003e+02
5.666600000000000000e+04 4.782608695652174058e-01 2.132693440385871213e+02
5.666700000000000000e+04 5.217391304347825942e-01 2.142044376167919779e+02
5.666800000000000000e+04 5.652173913043477826e-01 2.150201581571732845e+02
5.666900000000000000e+04 6.086956521739130821e-01 2.166019925353558051e+02
5.667000000000000000e+04 6.521739130434782705e-01 2.180222389928412667e+02
5.667100000000000000e+04 6.956521739130434590e-01 2.191342641724123155e+02
5.667200000000000000e+04 7.391304347826086474e-01 2.211207434700643262e+02
5.667300000000000000e+04 7.826086956521739468e-01 2.220404173252977955e+02
5.667400000000000000e+04 8.260869565217391353e-01 2.233677077984045525e+02
5.667500000000000000e+04 8.695652173913043237e-01 2.244712928653568156e+02
5.667600000000000000e+04 9.130434782608695121e-01 2.258442458871313931e+02
5.667700000000000000e+04 9.565217391304348116e-01 2.271296641070116209e+02
5.667800000000000000e+04 2.000000000000000111e-01 2.281850787174846857e+02
5.667900000000000000e+04 4.000000000000000222e-01 2.290138126916887131e+02
5.668000000000000000e+04 5.999999999999999778e-01 2.295370717097667637e+02
5.668100000000000000e+04 8.000000000000000444e-01 2.306217375569289061e+02
5.668200000000000000e+04 3.125000000000000000e-02 2.282535858124697938e+02
5.668300000000000000e+04 6.250000000000000000e-02 2.297106376303541140e+02
5.668400000000000000e+04 9.375000000000000000e-02 2.306124136557617419e+02
5.668500000000000000e+04 1.250000000000000000e-01 2.317265949695522806e+02
5.668600000000000000e+04 1.562500000000000000e-01 2.333509409918024460e+02
5.668700000000000000e+04 1.875000000000000000e-01 2.347147591615010356e+02
5.668800000000000000e+04 2.187500000000000000e-01 2.357217844839234715e+02
5.668900000000000000e+04 2.500000000000000000e-01 2.363992060661010726e+02
5.669000000000000000e+04 2.812500000000000000e-01 2.374141444878784739e+02
5.669100000000000000e+04 3.125000000000000000e-01 2.391092256068813526e+02
5.669200000000000000e+04 3.437500000000000000e-01 2.404267232349627079e+02
5.669300000000000000e+04 3.750000000000000000e-01 2.419522723164412525e+02
5.669400000000000000e+04 4.062500000000000000e-01 2.430696800307514707e+02
5.669500000000000000e+04 4.375000000000000000e-01 2.443459636982799736e+02
5.669600000000000000e+04 4.687500000000000000e-01 2.452640595538418893e+02
5.669700000000000000e+04 5.000000000000000000e-01 2.462639595488413988e+02
5.669800000000000000e+04 5.312500000000000000e-01 2.469009053864131715e+02
5.669900000000000000e+04 5.625000000000000000e-01 2.477938779503814146e+02
5.670000000000000000e+04 5.937500000000000000e-01 2.491401691521650434e+02
5.670100000000000000e+04 6.250000000000000000e-01 2.503269294480967915e+02
5.670200000000000000e+04 6.562500000000000000e-01 2.515531023559690880e+02
5.670300000000000000e+04 6.875000000000000000e-01 2.522631023559690675e+02
5.670400000000000000e+04 7.187500000000000000e-01 2.529815729538365190e+02
5.670500000000000000e+04 7.500000000000000000e-01 2.547788208499265465e+02
5.670600000000000000e+04 7.812500000000000000e-01 2.558388208499265488e+02
5.670700000000000000e+04 8.125000000000000000e-01 2.568065501509193496e+02
5.670800000000000000e+04 8.437500000000000000e-01 2.583445033361626315e+02
5.670900000000000000e+04 8.750000000000000000e-01 2.594948945739595842e+02
5.671000000000000000e+04 9.062500000000000000e-01 2.603492949484913197e+02
5.671100000000000000e+04 9.375000000000000000e-01 2.621644808893800018e+02
5.671200000000000000e+04 9.687500000000000000e-01 2.632415602736409710e+02
