5.680900000000000000e+04 4.651162790697674354e-01 1.206337156340975127e+02
5.681000000000000000e+04 4.883720930232557933e-01 1.225575139603261192e+02
5.681100000000000000e+04 5.116279069767442067e-01 1.239016865682898612e+02
5.681200000000000000e+04 5.348837209302325091e-01 1.252166010141759784e+02
5.681300000000000000e+04 5.581395348837209225e-01 1.265584281267355635e+02
5.681400000000000000e+04 5.813953488372093359e-01 1.276452583802710450e+02
5.681500000000000000e+04 6.046511627906976383e-01 1.287572385959223880e+02
5.681600000000000000e+04 6.279069767441860517e-01 1.299825140751514425e+02
5.681700000000000000e+04 6.511627906976744651e-01 1.313554670969260485e+02
5.681800000000000000e+04 6.744186046511627675e-01 1.329254989437368124e+02
5.681900000000000000e+04 6.976744186046511809e-01 1.342494324768116485e+02
5.682000000000000000e+04 7.209302325581394832e-01 1.354115856508812215e+02
5.682100000000000000e+04 7.441860465116278966e-01 1.373238879282421863e+02
5.682200000000000000e+04 7.674418604651163101e-01 1.387338879282421829e+02
5.682300000000000000e+04 7.906976744186046124e-01 1.399380473861214114e+02
5.682400000000000000e+04 8.139534883720930258e-01 1.412380473861214227e+02
5.682500000000000000e+04 8.372093023255814392e-01 1.422980473861214250e+02
5.682600000000000000e+04 8.604651162790697416e-01 1.440621335518174249e+02
5.682700000000000000e+04 8.837209302325581550e-01 1.449912191237643810e+02
5.682800000000000000e+04 9.069767441860464574e-01 1.460780493772998625e+02
5.682900000000000000e+04 9.302325581395348708e-01 1.469788268192909584e+02
5.683000000000000000e+04 9.534883720930232842e-01 1.485261470834896613e+02
5.683100000000000000e+04 9.767441860465115866e-01 1.492915881328200385e+02
5.683200000000000000e+04 1.428571428571428492e-01 1.504839806856314226e+02
5.683300000000000000e+04 2.857142857142856984e-01 1.517309369799737624e+02
5.683400000000000000e+04 4.285714285714285476e-01 1.527117529667929148e+02
5.683500000000000000e+04 5.714285714285713969e-01 1.544858160998296057e+02
5.683600000000000000e+04 7.142857142857143016e-01 1.551994686763680988e+02
5.683700000000000000e+04 8.571428571428570953e-01 1.563855546766226894e+02
5.683800000000000000e+04 1.111111111111111049e-01 1.578386548108185252e+02
5.683900000000000000e+04 2.222222222222222099e-01 1.591441815244479301e+02
5.684000000000000000e+04 3.333333333333333148e-01 1.603841008766640357e+02
5.684100000000000000e+04 4.444444444444444198e-01 1.613641518957441576e+02
5.684200000000000000e+04 5.555555555555555802e-01 1.627007894681623554e+02
5.684300000000000000e+04 6.666666666666666297e-01 1.635650232328348750e+02
5.684400000000000000e+04 7.777777777777777901e-01 1.647350232328348625e+02
5.684500000000000000e+04 8.888888888888888395e-01 1.657829736133395784e+02
5.684600000000000000e+04 5.000000000000000000e-01 1.665330402770435398e+02
5.684700000000000000e+04 9.090909090909091161e-02 1.677668960222585213e+02
5.684800000000000000e+04 1.818181818181818232e-01 1.691988876423457384e+02
5.684900000000000000e+04 2.727272727272727071e-01 1.708488876423457441e+02
5.685000000000000000e+04 3.636363636363636465e-01 1.720510939474365273e+02
5.685100000000000000e+04 4.545454545454545303e-01 1.728798279216405547e+02
5.685200000000000000e+04 5.454545454545454142e-01 1.737262911517929354e+02
5.685300000000000000e+04 6.363636363636363535e-01 1.749299937728750649e+02
5.685400000000000000e+04 7.272727272727272929e-01 1.762299937728750479e+02
5.685500000000000000e+04 8.181818181818182323e-01 1.774390016305831921e+02
5.685600000000000000e+04 9.090909090909090606e-01 1.789347623066273059e+02
5.685700000000000000e+04 3.333333333333333148e-01 1.799479256695653930e+02
5.685800000000000000e+04 6.666666666666666297e-01 1.810136179328384287e+02
5.685900000000000000e+04 9.090909090909091161e-02 1.823092644895814658e+02
5.686000000000000000e+04 1.818181818181818232e-01 1.832569986295173408e+02
5.686100000000000000e+04 2.727272727272727071e-01 1.852600213453146409e+02
5.686200000000000000e+04 3.636363636363636465e-01 1.866800213453146284e+02
5.686300000000000000e+04 4.545454545454545303e-01 1.874626451374395799e+02
5.686400000000000000e+04 5.454545454545454142e-01 1.885294159656871216e+02
5.686500000000000000e+04 6.363636363636363535e-01 1.898349426793165264e+02
5.686600000000000000e+04 7.272727272727272929e-01 1.908635339489664204e+02
5.686700000000000000e+04 8.181818181818182323e-01 1.916035339489664295e+02
5.686800000000000000e+04 9.090909090909090606e-01 1.924335339489664136e+02
5.686900000000000000e+04 4.761904761904761640e-02 1.931053970302560572e+02
5.687000000000000000e+04 9.523809523809523281e-02 1.943755545008084198e+02
5.687100000000000000e+04 1.428571428571428492e-01 1.951645411927113969e+02
5.687200000000000000e+04 1.904761904761904656e-01 1.955917413799772646e+02
5.687300000000000000e+04 2.380952380952380820e-01 1.964219823088647843e+02
5.687400000000000000e+04 2.857142857142856984e-01 1.976241886139555390e+02
5.687500000000000000e+04 3.333333333333333148e-01 1.989608261863737653e+02
5.687600000000000000e+04 3.809523809523809312e-01 2.004009650685653412e+02
5.687700000000000000e+04 4.285714285714285476e-01 2.015933576213767253e+02
5.687800000000000000e+04 4.761904761904761640e-01 2.025165044136042525e+02
5.687900000000000000e+04 5.238095238095238360e-01 2.047144125099540588e+02
5.688000000000000000e+04 5.714285714285713969e-01 2.065355659905811194e+02
5.688100000000000000e+04 6.190476190476190688e-01 2.075855659905811308e+02
5.688200000000000000e+04 6.666666666666666297e-01 2.088163787301966750e+02
5.688300000000000000e+04 7.142857142857143016e-01 2.103448420107500567e+02
5.688400000000000000e+04 7.619047619047618625e-01 2.114611305039273361e+02
5.688500000000000000e+04 8.095238095238095344e-01 2.126633368090181193e+02
5.688600000000000000e+04 8.571428571428570953e-01 2.136581232182537917e+02
5.688700000000000000e+04 9.047619047619047672e-01 2.149783125986079995e+02
5.688800000000000000e+04 9.523809523809523281e-01 2.161544503456427435e+02
5.688900000000000000e+04 5.000000000000000000e-01 2.165308809501371172e+02
5.689000000000000000e+04 5.000000000000000000e-01 2.172220393979622202e+02
5.689100000000000000e+04 2.500000000000000000e-01 2.183333449365068475e+02
5.689200000000000000e+04 5.000000000000000000e-01 2.195355512415976307e+02
5.689300000000000000e+04 7.500000000000000000e-01 2.207384228058138547e+02
5.689400000000000000e+04 1.111111111111111049e-01 2.219144330098512228e+02
5.689500000000000000e+04 2.222222222222222099e-01 2.226345024509470250e+02
5.689600000000000000e+04 3.333333333333333148e-01 2.235796479423926542e+02
5.689700000000000000e+04 4.444444444444444198e-01 2.245196479423926519e+02
5.689800000000000000e+04 5.555555555555555802e-01 2.258398373227468312e+02
5.689900000000000000e+04 6.666666666666666297e-01 2.264767831603186039e+02
5.690000000000000000e+04 7.777777777777777901e-01 2.273185075807793964e+02
5.690100000000000000e+04 8.888888888888888395e-01 2.290341415743805840e+02
5.690200000000000000e+04 3.333333333333333148e-01 2.298628755485846398e+02
5.690300000000000000e+04 6.666666666666666297e-01 2.309501197713791214e+02
5.690400000000000000e+04 2.500000000000000000e-01 2.321819476814379755e+02
5.690500000000000000e+04 5.000000000000000000e-01 2.336095680791628126e+02
5.690600000000000000e+04 7.500000000000000000e-01 2.348022541233504796e+02
5.690700000000000000e+04 1.666666666666666574e-01 2.357524646263444197e+02
5.690800000000000000e+04 3.333333333333333148e-01 2.367555099892268800e+02
5.690900000000000000e+04 5.000000000000000000e-01 2.378127233073419973e+02
5.691000000000000000e+04 6.666666666666666297e-01 2.389225431125356067e+02
5.691100000000000000e+04 8.333333333333333703e-01 2.400094653728651792e+02
5.691200000000000000e+04 5.000000000000000000e-01 2.412412932829240617e+02
5.691300000000000000e+04 5.000000000000000000e-01 2.422880024115744106e+02
5.691400000000000000e+04 1.250000000000000000e-01 2.432125022763661946e+02
5.691500000000000000e+04 2.500000000000000000e-01 2.439668231629920285e+02
5.691600000000000000e+04 3.750000000000000000e-01 2.449712135253512031e+02
5.691700000000000000e+04 5.000000000000000000e-01 2.460906776828837224e+02
5.691800000000000000e+04 6.250000000000000000e-01 2.468060796677845303e+02
5.691900000000000000e+04 7.500000000000000000e-01 2.479090302559796726e+02
5.692000000000000000e+04 8.750000000000000000e-01 2.488161134936155463e+02
5.692100000000000000e+04 3.333333333333333148e-01 2.495987372857404694e+02
5.692200000000000000e+04 6.666666666666666297e-01 2.506603398479076930e+02
5.692300000000000000e+04 2.500000000000000000e-01 2.515368100413541299e+02
5.692400000000000000e+04 5.000000000000000000e-01 2.518692254441260161e+02
5.692500000000000000e+04 7.500000000000000000e-01 2.521944945634718351e+02
5.692600000000000000e+04 2.500000000000000000e-01 2.516301336404223719e+02
5.692700000000000000e+04 5.000000000000000000e-01 2.523764579667041801e+02
5.692800000000000000e+04 7.500000000000000000e-01 2.531712535379047040e+02
5.692900000000000000e+04 2.000000000000000111e-01 2.541389828388975047e+02
5.693000000000000000e+04 4.000000000000000222e-01 2.548940325061380179e+02
5.693100000000000000e+04 5.999999999999999778e-01 2.558018320434809425e+02
5.693200000000000000e+04 8.000000000000000444e-01 2.566548853829621066e+02
5.693300000000000000e+04 1.000000000000000056e-01 2.572471690987605371e+02
5.693400000000000000e+04 2.000000000000000111e-01 2.580903179586898091e+02
5.693500000000000000e+04 2.999999999999999889e-01 2.592570655749290722e+02
5.693600000000000000e+04 4.000000000000000222e-01 2.601472902656673227e+02
5.693700000000000000e+04 5.000000000000000000e-01 2.610563557198564126e+02
5.693800000000000000e+04 5.999999999999999778e-01 2.622231033360956758e+02
5.693900000000000000e+04 6.999999999999999556e-01 2.635423834428205510e+02
5.694000000000000000e+04 8.000000000000000444e-01 2.643879010357776451e+02
5.694100000000000000e+04 9.000000000000000222e-01 2.654583682235045785e+02
5.694200000000000000e+04 3.333333333333333148e-01 2.663679285568525188e+02
5.694300000000000000e+04 6.666666666666666297e-01 2.677165574902511480e+02
5.694400000000000000e+04 5.555555555555555247e-02 2.688691632337731789e+02
5.694500000000000000e+04 1.111111111111111049e-01 2.693641379806037435e+02
5.694600000000000000e+04 1.666666666666666574e-01 2.703342926074545289e+02
5.694700000000000000e+04 2.222222222222222099e-01 2.713992808703006858e+02
5.694800000000000000e+04 2.777777777777777901e-01 2.723595933194545751e+02
5.694900000000000000e+04 3.333333333333333148e-01 2.741081355694445278e+02
5.695000000000000000e+04 3.888888888888888951e-01 2.755370162502572953e+02
5.695100000000000000e+04 4.444444444444444198e-01 2.769325448239525826e+02
5.695200000000000000e+04 5.000000000000000000e-01 2.784766303138138142e+02
5.695300000000000000e+04 5.555555555555555802e-01 2.797441475720789867e+02
5.695400000000000000e+04 6.111111111111111605e-01 2.805097845617810322e+02
5.695500000000000000e+04 6.666666666666666297e-01 2.815146228572295968e+02
5.695600000000000000e+04 7.222222222222222099e-01 2.824799207387148954e+02
5.695700000000000000e+04 7.777777777777777901e-01 2.832405126135071214e+02
5.695800000000000000e+04 8.333333333333333703e-01 2.840254329916347160e+02
5.695900000000000000e+04 8.888888888888888395e-01 2.843954329916347206e+02
5.696000000000000000e+04 9.444444444444444198e-01 2.853995246209196353e+02
5.696100000000000000e+04 5.882352941176470507e-02 2.871657918713661957e+02
5.696200000000000000e+04 1.176470588235294101e-01 2.878105398841587999e+02
5.696300000000000000e+04 1.764705882352941291e-01 2.890961525785578488e+02
5.696400000000000000e+04 2.352941176470588203e-01 2.898061525785578283e+02
5.696500000000000000e+04 2.941176470588235392e-01 2.911989196086099128e+02
5.696600000000000000e+04 3.529411764705882582e-01 2.920533199831416482e+02
5.696700000000000000e+04 4.117647058823529216e-01 2.932037112209386009e+02
5.696800000000000000e+04 4.705882352941176405e-01 2.938038778644635727e+02
5.696900000000000000e+04 5.294117647058823595e-01 2.949416827686541183e+02
5.697000000000000000e+04 5.882352941176470784e-01 2.960833482187751429e+02
5.697100000000000000e+04 6.470588235294117974e-01 2.969348762570686517e+02
5.697200000000000000e+04 7.058823529411765163e-01 2.974626072491470268e+02
5.697300000000000000e+04 7.647058823529411242e-01 2.987373229037147553e+02
5.697400000000000000e+04 8.235294117647058432e-01 2.998078835045216692e+02
5.697500000000000000e+04 8.823529411764705621e-01 3.004318226041139042e+02
5.697600000000000000e+04 9.411764705882352811e-01 3.011090965516418123e+02
5.697700000000000000e+04 2.500000000000000000e-01 2.864841904680818061e+02
5.697800000000000000e+04 5.000000000000000000e-01 2.873167767999417492e+02
5.697900000000000000e+04 7.500000000000000000e-01 2.880269880361243509e+02
5.698000000000000000e+04 3.333333333333333148e-01 2.683025609032105194e+02
5.698100000000000000e+04 6.666666666666666297e-01 2.690520273801125768e+02
5.698200000000000000e+04 2.500000000000000000e-01 2.659604638319299283e+02
5.698300000000000000e+04 5.000000000000000000e-01 2.667147847185557339e+02
5.698400000000000000e+04 7.500000000000000000e-01 2.674233748680780423e+02
5.698500000000000000e+04 2.500000000000000000e-01 2.573375273095971352e+02
5.698600000000000000e+04 5.000000000000000000e-01 2.584042981378447053e+02
5.698700000000000000e+04 7.500000000000000000e-01 2.592683004526563764e+02
5.698800000000000000e+04 1.428571428571428492e-01 2.597383004526564036e+02
5.698900000000000000e+04 2.857142857142856984e-01 2.603283004526564355e+02
5.699000000000000000e+04 4.285714285714285476e-01 2.612960297536492362e+02
5.699100000000000000e+04 5.714285714285713969e-01 2.619292753616087452e+02
5.699200000000000000e+04 7.142857142857143016e-01 2.626698832200601714e+02
5.699300000000000000e+04 8.571428571428570953e-01 2.636669288559264714e+02
5.699400000000000000e+04 2.000000000000000111e-01 2.647076017151862857e+02
5.699500000000000000e+04 4.000000000000000222e-01 2.652447236752661297e+02
5.699600000000000000e+04 5.999999999999999778e-01 2.655841349302356775e+02
5.699700000000000000e+04 8.000000000000000444e-01 2.661073939483136996e+02
5.699800000000000000e+04 2.500000000000000000e-01 2.670525394397593004e+02
5.699900000000000000e+04 5.000000000000000000e-01 2.682910466056650876e+02
5.700000000000000000e+04 7.500000000000000000e-01 2.691826182516924746e+02
5.700100000000000000e+04 1.000000000000000056e-01 2.701226182516924723e+02
5.700200000000000000e+04 2.000000000000000111e-01 2.708609271301437502e+02
5.700300000000000000e+04 2.999999999999999889e-01 2.715809965712395524e+02
5.700400000000000000e+04 4.000000000000000222e-01 2.722142421791990614e+02
5.700500000000000000e+04 5.000000000000000000e-01 2.732653844150548821e+02
5.700600000000000000e+04 5.999999999999999778e-01 2.739584212106148016e+02
5.700700000000000000e+04 6.999999999999999556e-01 2.745605009395544016e+02
5.700800000000000000e+04 8.000000000000000444e-01 2.752251813138697685e+02
5.700900000000000000e+04 9.000000000000000222e-01 2.765748479393740240e+02
5.701000000000000000e+04 2.000000000000000111e-01 2.774264934055158847e+02
5.701100000000000000e+04 4.000000000000000222e-01 2.786968083271003138e+02
5.701200000000000000e+04 5.999999999999999778e-01 2.797749548848557879e+02
5.701300000000000000e+04 8.000000000000000444e-01 2.805017285772800619e+02
5.701400000000000000e+04 1.666666666666666574e-01 2.813575907157112397e+02
5.701500000000000000e+04 3.333333333333333148e-01 2.819435941286706111e+02
5.701600000000000000e+04 5.000000000000000000e-01 2.831156009545892971e+02
5.701700000000000000e+04 6.666666666666666297e-01 2.837076313592139059e+02
5.701800000000000000e+04 8.333333333333333703e-01 2.848584137017965645e+02
5.701900000000000000e+04 8.333333333333332871e-02 2.857954836031379955e+02
5.702000000000000000e+04 1.666666666666666574e-01 2.860638117604380000e+02
5.702100000000000000e+04 2.500000000000000000e-01 2.867638117604379886e+02
5.702200000000000000e+04 3.333333333333333148e-01 2.871964779134936521e+02
5.702300000000000000e+04 4.166666666666666852e-01 2.877985576424332521e+02
5.702400000000000000e+04 5.000000000000000000e-01 2.889148461356105599e+02
5.702500000000000000e+04 5.833333333333333703e-01 2.897820831274415241e+02
5.702600000000000000e+04 6.666666666666666297e-01 2.903841628563811241e+02
5.702700000000000000e+04 7.500000000000000000e-01 2.909862425853207242e+02
5.702800000000000000e+04 8.333333333333333703e-01 2.915704514520798512e+02
5.702900000000000000e+04 9.166666666666666297e-01 2.921725311810194512e+02
5.703000000000000000e+04 5.000000000000000000e-01 2.929529157016245335e+02
5.703100000000000000e+04 3.333333333333333148e-01 2.931867303725001079e+02
5.703200000000000000e+04 6.666666666666666297e-01 2.944617597839255723e+02
5.703300000000000000e+04 3.333333333333333148e-01 2.852686575317318898e+02
5.703400000000000000e+04 6.666666666666666297e-01 2.864728169896110899e+02
5.703500000000000000e+04 3.333333333333333148e-01 2.812511950541821193e+02
5.703600000000000000e+04 6.666666666666666297e-01 2.819389450087440991e+02
5.703700000000000000e+04 3.333333333333333148e-01 2.769072633421459386e+02
5.703800000000000000e+04 6.666666666666666297e-01 2.779045095504616256e+02
5.703900000000000000e+04 3.333333333333333148e-01 2.696847138601178244e+02
5.704000000000000000e+04 6.666666666666666297e-01 2.701601084330779941e+02
5.704100000000000000e+04 2.500000000000000000e-01 2.667933968637593694e+02
5.704200000000000000e+04 5.000000000000000000e-01 2.671728701829795796e+02
5.704300000000000000e+04 7.500000000000000000e-01 2.677632090687054074e+02
5.704400000000000000e+04 3.333333333333333148e-01 2.642946230489854997e+02
5.704500000000000000e+04 6.666666666666666297e-01 2.650862037460720444e+02
5.704600000000000000e+04 2.500000000000000000e-01 2.598703801815959764e+02
5.704700000000000000e+04 5.000000000000000000e-01 2.603403801815959469e+02
5.704800000000000000e+04 7.500000000000000000e-01 2.609324105862205556e+02
5.704900000000000000e+04 3.333333333333333148e-01 2.538812535379046835e+02
5.705000000000000000e+04 6.666666666666666297e-01 2.547967315551175602e+02
5.705100000000000000e+04 2.500000000000000000e-01 2.511889228593637995e+02
5.705200000000000000e+04 5.000000000000000000e-01 2.516077306911912217e+02
5.705300000000000000e+04 7.500000000000000000e-01 2.520928080046166144e+02
5.705400000000000000e+04 3.333333333333333148e-01 2.495361829347113201e+02
5.705500000000000000e+04 6.666666666666666297e-01 2.501694285426708291e+02
5.705600000000000000e+04 3.333333333333333148e-01 2.427123843150528444e+02
5.705700000000000000e+04 6.666666666666666297e-01 2.434950081071777959e+02
5.705800000000000000e+04 2.500000000000000000e-01 2.418782391204958344e+02
5.705900000000000000e+04 5.000000000000000000e-01 2.422970469523232850e+02
5.706000000000000000e+04 7.500000000000000000e-01 2.428890773569479222e+02
5.706100000000000000e+04 3.333333333333333148e-01 2.406597729923807378e+02
5.706200000000000000e+04 6.666666666666666297e-01 2.414140938790065718e+02
5.706300000000000000e+04 3.333333333333333148e-01 2.354269140308201429e+02
5.706400000000000000e+04 6.666666666666666297e-01 2.363769140308201315e+02
5.706500000000000000e+04 3.333333333333333148e-01 2.367469140308201645e+02
5.706600000000000000e+04 6.666666666666666297e-01 2.374571252670027377e+02
5.706700000000000000e+04 3.333333333333333148e-01 2.382959935522537762e+02
5.706800000000000000e+04 6.666666666666666297e-01 2.391247275264578036e+02
5.706900000000000000e+04 3.333333333333333148e-01 2.397154897459674885e+02
5.707000000000000000e+04 6.666666666666666297e-01 2.404558950403839788e+02
5.707100000000000000e+04 5.000000000000000000e-01 2.414099390645254459e+02
5.707200000000000000e+04 3.333333333333333148e-01 2.424971832873199276e+02
5.707300000000000000e+04 6.666666666666666297e-01 2.429681397608925977e+02
5.707400000000000000e+04 2.500000000000000000e-01 2.437114431982585074e+02
5.707500000000000000e+04 5.000000000000000000e-01 2.447714431982585097e+02
5.707600000000000000e+04 7.500000000000000000e-01 2.453041720223332049e+02
5.707700000000000000e+04 5.000000000000000000e-01 2.464899628976565111e+02
5.707800000000000000e+04 3.333333333333333148e-01 2.469896628076024570e+02
5.707900000000000000e+04 6.666666666666666297e-01 2.482843442355993488e+02
5.708000000000000000e+04 1.666666666666666574e-01 2.495288923463608342e+02
5.708100000000000000e+04 3.333333333333333148e-01 2.504922718146909517e+02
5.708200000000000000e+04 5.000000000000000000e-01 2.515363024655820254e+02
5.708300000000000000e+04 6.666666666666666297e-01 2.523749323004913094e+02
5.708400000000000000e+04 8.333333333333333703e-01 2.530044559299128082e+02
5.708500000000000000e+04 2.500000000000000000e-01 2.537144559299128161e+02
5.708600000000000000e+04 5.000000000000000000e-01 2.546640347839317826e+02
5.708700000000000000e+04 7.500000000000000000e-01 2.556278812447335156e+02
5.708800000000000000e+04 3.333333333333333148e-01 2.563634082666708309e+02
5.708900000000000000e+04 6.666666666666666297e-01 2.569501790907580698e+02
5.709000000000000000e+04 3.333333333333333148e-01 2.578377600729788242e+02
5.709100000000000000e+04 6.666666666666666297e-01 2.589476249296167794e+02
5.709200000000000000e+04 5.000000000000000000e-01 2.601678298304428836e+02
5.709300000000000000e+04 2.000000000000000111e-01 2.606505305658887437e+02
5.709400000000000000e+04 4.000000000000000222e-01 2.616018454454107882e+02
5.709500000000000000e+04 5.999999999999999778e-01 2.621389674054906322e+02
5.709600000000000000e+04 8.000000000000000444e-01 2.630796586407001314e+02
5.709700000000000000e+04 3.333333333333333148e-01 2.636165012619588879e+02
5.709800000000000000e+04 6.666666666666666297e-01 2.642497468699183969e+02
5.709900000000000000e+04 1.428571428571428492e-01 2.651022725293562985e+02
5.710000000000000000e+04 2.857142857142856984e-01 2.660971594576049597e+02
5.710100000000000000e+04 4.285714285714285476e-01 2.666894431734033901e+02
5.710200000000000000e+04 5.714285714285713969e-01 2.673612318306461475e+02
5.710300000000000000e+04 7.142857142857143016e-01 2.677884320179120436e+02
5.710400000000000000e+04 8.571428571428570953e-01 2.688538896660614341e+02
5.710500000000000000e+04 2.500000000000000000e-01 2.697635049693627707e+02
5.710600000000000000e+04 5.000000000000000000e-01 2.707086504608083715e+02
5.710700000000000000e+04 7.500000000000000000e-01 2.714287199019041736e+02
5.710800000000000000e+04 2.000000000000000111e-01 2.719963465397569280e+02
5.710900000000000000e+04 4.000000000000000222e-01 2.730654583206292614e+02
5.711000000000000000e+04 5.999999999999999778e-01 2.739169276389255856e+02
5.711100000000000000e+04 8.000000000000000444e-01 2.747608470663592470e+02
5.711200000000000000e+04 1.250000000000000000e-01 2.757578927022255471e+02
5.711300000000000000e+04 2.500000000000000000e-01 2.768371980343720793e+02
5.711400000000000000e+04 3.750000000000000000e-01 2.775506403936415722e+02
5.711500000000000000e+04 5.000000000000000000e-01 2.778925468135871597e+02
5.711600000000000000e+04 6.250000000000000000e-01 2.790519863333552166e+02
5.711700000000000000e+04 7.500000000000000000e-01 2.797144061398224153e+02
5.711800000000000000e+04 8.750000000000000000e-01 2.804328767376898668e+02
5.711900000000000000e+04 2.000000000000000111e-01 2.809279524894693054e+02
5.712000000000000000e+04 4.000000000000000222e-01 2.820711934964315333e+02
5.712100000000000000e+04 5.999999999999999778e-01 2.831878850384430280e+02
5.712200000000000000e+04 8.000000000000000444e-01 2.842546558666905980e+02
5.712300000000000000e+04 1.666666666666666574e-01 2.848916017042623707e+02
5.712400000000000000e+04 3.333333333333333148e-01 2.853865764510929353e+02
5.712500000000000000e+04 5.000000000000000000e-01 2.863317219425385360e+02
5.712600000000000000e+04 6.666666666666666297e-01 2.869994045018435145e+02
5.712700000000000000e+04 8.333333333333333703e-01 2.879728519837345289e+02
5.712800000000000000e+04 3.571428571428571230e-02 2.886097978213062447e+02
5.712900000000000000e+04 7.142857142857142461e-02 2.895311555151473044e+02
5.713000000000000000e+04 1.071428571428571369e-01 2.902295823187566270e+02
5.713100000000000000e+04 1.428571428571428492e-01 2.912374513578683946e+02
5.713200000000000000e+04 1.785714285714285754e-01 2.918398631771415239e+02
5.713300000000000000e+04 2.142857142857142738e-01 2.924852312891520114e+02
5.713400000000000000e+04 2.500000000000000000e-01 2.931890778633427317e+02
5.713500000000000000e+04 2.857142857142856984e-01 2.940434782378744671e+02
5.713600000000000000e+04 3.214285714285714524e-01 2.949350498839018542e+02
5.713700000000000000e+04 3.571428571428571508e-01 2.957185037753338861e+02
5.713800000000000000e+04 3.928571428571428492e-01 2.967287017757278704e+02
5.713900000000000000e+04 4.285714285714285476e-01 2.973147051886872418e+02
5.714000000000000000e+04 4.642857142857143016e-01 2.977473713417429053e+02
5.714100000000000000e+04 5.000000000000000000e-01 2.988255178994983794e+02
5.714200000000000000e+04 5.357142857142856984e-01 2.994901982738136894e+02
5.714300000000000000e+04 5.714285714285713969e-01 2.998635613678656000e+02
5.714400000000000000e+04 6.071428571428570953e-01 3.005409829500432011e+02
5.714500000000000000e+04 6.428571428571429047e-01 3.011269863630025725e+02
5.714600000000000000e+04 6.785714285714286031e-01 3.018042603105304806e+02
5.714700000000000000e+04 7.142857142857143016e-01 3.029986220647741106e+02
5.714800000000000000e+04 7.500000000000000000e-01 3.038901937108014977e+02
5.714900000000000000e+04 7.857142857142856984e-01 3.049752743529659256e+02
5.715000000000000000e+04 8.214285714285713969e-01 3.065523919769876784e+02
5.715100000000000000e+04 8.571428571428570953e-01 3.076605435911632753e+02
5.715200000000000000e+04 8.928571428571429047e-01 3.092273875527625364e+02
5.715300000000000000e+04 9.285714285714286031e-01 3.101801204639186267e+02
5.715400000000000000e+04 9.642857142857143016e-01 3.111381392528784318e+02
5.715500000000000000e+04 5.000000000000000000e-01 2.884428519837345561e+02
5.715600000000000000e+04 2.564102564102564014e-02 2.849123031885889077e+02
5.715700000000000000e+04 5.128205128205128027e-02 2.860397782437453316e+02
5.715800000000000000e+04 7.692307692307692735e-02 2.863197782437453043e+02
5.715900000000000000e+04 1.025641025641025605e-01 2.872188889154649019e+02
5.716000000000000000e+04 1.282051282051281937e-01 2.880931314447437899e+02
5.716100000000000000e+04 1.538461538461538547e-01 2.886519695250497080e+02
5.716200000000000000e+04 1.794871794871794879e-01 2.893637279110206464e+02
5.716300000000000000e+04 2.051282051282051211e-01 2.900479793268028743e+02
5.716400000000000000e+04 2.307692307692307820e-01 2.905712383448809533e+02
5.716500000000000000e+04 2.564102564102563875e-01 2.911500301900204590e+02
5.716600000000000000e+04 2.820512820512820484e-01 2.916732892080984811e+02
5.716700000000000000e+04 3.076923076923077094e-01 2.927579550552606520e+02
5.716800000000000000e+04 3.333333333333333148e-01 2.934457777068213886e+02
5.716900000000000000e+04 3.589743589743589758e-01 2.938163178530943469e+02
5.717000000000000000e+04 3.846153846153846367e-01 2.946776540244002831e+02
5.717100000000000000e+04 4.102564102564102422e-01 2.952819718215898206e+02
5.717200000000000000e+04 4.358974358974359031e-01 2.964281829714221885e+02
5.717300000000000000e+04 4.615384615384615641e-01 2.971194860887303548e+02
5.717400000000000000e+04 4.871794871794871695e-01 2.978660113729639534e+02
5.717500000000000000e+04 5.128205128205127750e-01 2.985940223618920299e+02
5.717600000000000000e+04 5.384615384615384359e-01 2.992111933268603821e+02
5.717700000000000000e+04 5.641025641025640969e-01 2.998444389348198911e+02
5.717800000000000000e+04 5.897435897435897578e-01 3.006362722506130467e+02
5.717900000000000000e+04 6.153846153846154188e-01 3.015517502678259234e+02
5.718000000000000000e+04 6.410256410256410797e-01 3.022532486641177343e+02
5.718100000000000000e+04 6.666666666666666297e-01 3.028984618071953037e+02
5.718200000000000000e+04 6.923076923076922906e-01 3.038436072986409044e+02
5.718300000000000000e+04 7.179487179487179516e-01 3.046351879957273923e+02
5.718400000000000000e+04 7.435897435897436125e-01 3.052272184003520579e+02
5.718500000000000000e+04 7.692307692307692735e-01 3.058957241968863627e+02
5.718600000000000000e+04 7.948717948717948234e-01 3.063229243841522589e+02
5.718700000000000000e+04 8.205128205128204844e-01 3.072544822191791241e+02
5.718800000000000000e+04 8.461538461538461453e-01 3.079424502416918017e+02
5.718900000000000000e+04 8.717948717948718063e-01 3.095386018635623486e+02
5.719000000000000000e+04 8.974358974358974672e-01 3.100932188485168126e+02
5.719100000000000000e+04 9.230769230769231282e-01 3.110425870594866069e+02
5.719200000000000000e+04 9.487179487179486781e-01 3.121433140919519360e+02
5.719300000000000000e+04 9.743589743589743390e-01 3.132640727635668441e+02
5.719400000000000000e+04 3.333333333333333148e-01 2.809179540511152595e+02
5.719500000000000000e+04 6.666666666666666297e-01 2.816380234922110617e+02
5.719600000000000000e+04 2.000000000000000111e-01 2.754520055141843500e+02
5.719700000000000000e+04 4.000000000000000222e-01 2.758188842407412267e+02
5.719800000000000000e+04 5.999999999999999778e-01 2.761857629672981034e+02
5.719900000000000000e+04 8.000000000000000444e-01 2.766708402807234961e+02
5.720000000000000000e+04 3.333333333333333148e-01 2.721389311380867753e+02
5.720100000000000000e+04 6.666666666666666297e-01 2.732036376704232907e+02
5.720200000000000000e+04 2.000000000000000111e-01 2.697053589843577583e+02
5.720300000000000000e+04 4.000000000000000222e-01 2.701904362977831511e+02
5.720400000000000000e+04 5.999999999999999778e-01 2.706148182012616417e+02
5.720500000000000000e+04 8.000000000000000444e-01 2.711097929480922062e+02
5.720600000000000000e+04 3.333333333333333148e-01 2.650413275670049416e+02
5.720700000000000000e+04 6.666666666666666297e-01 2.655167221399651112e+02
5.720800000000000000e+04 2.500000000000000000e-01 2.637315788812204005e+02
5.720900000000000000e+04 5.000000000000000000e-01 2.643555179808126354e+02
5.721000000000000000e+04 7.500000000000000000e-01 2.648255179808126627e+02
5.721100000000000000e+04 3.333333333333333148e-01 2.612278769992047387e+02
5.721200000000000000e+04 6.666666666666666297e-01 2.615778769992047046e+02
5.721300000000000000e+04 2.500000000000000000e-01 2.596442596976265236e+02
5.721400000000000000e+04 5.000000000000000000e-01 2.604642596976265168e+02
5.721500000000000000e+04 7.500000000000000000e-01 2.609919906897048918e+02
5.721600000000000000e+04 1.666666666666666574e-01 2.576705262292961720e+02
5.721700000000000000e+04 3.333333333333333148e-01 2.581634765310508328e+02
5.721800000000000000e+04 5.000000000000000000e-01 2.589978625328509452e+02
5.721900000000000000e+04 6.666666666666666297e-01 2.598894341788783322e+02
5.722000000000000000e+04 8.333333333333333703e-01 2.606437550655041946e+02
5.722100000000000000e+04 3.333333333333333148e-01 2.559675869997627728e+02
5.722200000000000000e+04 6.666666666666666297e-01 2.572824253928742451e+02
5.722300000000000000e+04 2.000000000000000111e-01 2.536065356588524367e+02
5.722400000000000000e+04 4.000000000000000222e-01 2.545645544478122417e+02
5.722500000000000000e+04 5.999999999999999778e-01 2.549972206008679052e+02
5.722600000000000000e+04 8.000000000000000444e-01 2.554931036515966127e+02
5.722700000000000000e+04 3.333333333333333148e-01 2.489005422557195004e+02
5.722800000000000000e+04 6.666666666666666297e-01 2.496500087326215862e+02
5.722900000000000000e+04 2.500000000000000000e-01 2.472267803784480691e+02
5.723000000000000000e+04 5.000000000000000000e-01 2.479412732055639026e+02
5.723100000000000000e+04 7.500000000000000000e-01 2.486059535798792695e+02
5.723200000000000000e+04 3.333333333333333148e-01 2.472420932055154594e+02
5.723300000000000000e+04 6.666666666666666297e-01 2.480694383571903927e+02
5.723400000000000000e+04 3.333333333333333148e-01 2.461318192901955513e+02
5.723500000000000000e+04 6.666666666666666297e-01 2.467338990191351797e+02
5.723600000000000000e+04 2.500000000000000000e-01 2.436681397608925863e+02
5.723700000000000000e+04 5.000000000000000000e-01 2.444081397608925670e+02
5.723800000000000000e+04 7.500000000000000000e-01 2.450243377810127186e+02
5.723900000000000000e+04 3.333333333333333148e-01 2.421499390645254266e+02
5.724000000000000000e+04 6.666666666666666297e-01 2.426199390645254255e+02
5.724100000000000000e+04 3.333333333333333148e-01 2.412764436373604156e+02
5.724200000000000000e+04 6.666666666666666297e-01 2.417008255408388777e+02
5.724300000000000000e+04 3.333333333333333148e-01 2.397676116528756154e+02
5.724400000000000000e+04 6.666666666666666297e-01 2.402908706709536659e+02
5.724500000000000000e+04 2.500000000000000000e-01 2.380471252670027411e+02
5.724600000000000000e+04 5.000000000000000000e-01 2.386394089828011715e+02
5.724700000000000000e+04 7.500000000000000000e-01 2.394737949846013123e+02
5.724800000000000000e+04 3.333333333333333148e-01 2.380370390536986633e+02
5.724900000000000000e+04 6.666666666666666297e-01 2.385221163671240561e+02
5.725000000000000000e+04 3.333333333333333148e-01 2.371169140308201122e+02
5.725100000000000000e+04 6.666666666666666297e-01 2.374963873500403224e+02
5.725200000000000000e+04 2.000000000000000111e-01 2.317051694386196345e+02
5.725300000000000000e+04 4.000000000000000222e-01 2.328234717233351603e+02
5.725400000000000000e+04 5.999999999999999778e-01 2.340001195041089943e+02
5.725500000000000000e+04 8.000000000000000444e-01 2.346775410862865954e+02
5.725600000000000000e+04 2.500000000000000000e-01 2.352635444992459384e+02
5.725700000000000000e+04 5.000000000000000000e-01 2.360775469562446744e+02
5.725800000000000000e+04 7.500000000000000000e-01 2.369387089619091284e+02
5.725900000000000000e+04 2.000000000000000111e-01 2.374482185300234107e+02
5.726000000000000000e+04 4.000000000000000222e-01 2.382993941875700727e+02
5.726100000000000000e+04 5.999999999999999778e-01 2.395678184068279677e+02
5.726200000000000000e+04 8.000000000000000444e-01 2.406092117042905443e+02
5.726300000000000000e+04 1.666666666666666574e-01 2.420021941162398207e+02
5.726400000000000000e+04 3.333333333333333148e-01 2.429241485619691332e+02
5.726500000000000000e+04 5.000000000000000000e-01 2.439625126599617317e+02
5.726600000000000000e+04 6.666666666666666297e-01 2.446893551463368794e+02
5.726700000000000000e+04 8.333333333333333703e-01 2.453753580617825492e+02
5.726800000000000000e+04 1.111111111111111049e-01 2.465685889698636402e+02
5.726900000000000000e+04 2.222222222222222099e-01 2.476550971382636703e+02
5.727000000000000000e+04 3.333333333333333148e-01 2.488313624144662697e+02
5.727100000000000000e+04 4.444444444444444198e-01 2.493391025054577028e+02
5.727200000000000000e+04 5.555555555555555802e-01 2.502003806254630831e+02
5.727300000000000000e+04 6.666666666666666297e-01 2.515446276265755898e+02
5.727400000000000000e+04 7.777777777777777901e-01 2.525076956407885120e+02
5.727500000000000000e+04 8.888888888888888395e-01 2.533508445007177556e+02
5.727600000000000000e+04 5.000000000000000000e-01 2.543636623520612545e+02
5.727700000000000000e+04 5.000000000000000000e-01 2.547336623520612591e+02
5.727800000000000000e+04 3.333333333333333148e-01 2.555305312245867242e+02
5.727900000000000000e+04 6.666666666666666297e-01 2.565441879712224136e+02
5.728000000000000000e+04 1.428571428571428492e-01 2.571364716870208440e+02
5.728100000000000000e+04 2.857142857142856984e-01 2.578827960133026522e+02
5.728200000000000000e+04 4.285714285714285476e-01 2.585275440260952564e+02
5.728300000000000000e+04 5.714285714285713969e-01 2.590552750181736315e+02
5.728400000000000000e+04 7.142857142857143016e-01 2.596452750181736064e+02
5.728500000000000000e+04 8.571428571428570953e-01 2.607842657995234958e+02
5.728600000000000000e+04 2.500000000000000000e-01 2.612628052440837223e+02
5.728700000000000000e+04 5.000000000000000000e-01 2.621172056186154578e+02
5.728800000000000000e+04 7.500000000000000000e-01 2.626022829320408505e+02
5.728900000000000000e+04 1.000000000000000056e-01 2.634635610520462592e+02
5.729000000000000000e+04 2.000000000000000111e-01 2.640968066600057114e+02
5.729100000000000000e+04 2.999999999999999889e-01 2.646224491240437828e+02
5.729200000000000000e+04 4.000000000000000222e-01 2.652245288529833829e+02
5.729300000000000000e+04 5.000000000000000000e-01 2.658209347550333064e+02
5.729400000000000000e+04 5.999999999999999778e-01 2.666497290600330530e+02
5.729500000000000000e+04 6.999999999999999556e-01 2.670685368918605036e+02
5.729600000000000000e+04 8.000000000000000444e-01 2.683770092836212484e+02
5.729700000000000000e+04 9.000000000000000222e-01 2.690785076799130593e+02
5.729800000000000000e+04 1.250000000000000000e-01 2.698518769319524608e+02
5.729900000000000000e+04 2.500000000000000000e-01 2.703349918251196868e+02
5.730000000000000000e+04 3.750000000000000000e-01 2.711176156172446099e+02
5.730100000000000000e+04 5.000000000000000000e-01 2.715676156172445985e+02
5.730200000000000000e+04 6.250000000000000000e-01 2.720908746353226775e+02
5.730300000000000000e+04 7.500000000000000000e-01 2.729522108066286137e+02
5.730400000000000000e+04 8.750000000000000000e-01 2.743084924882862197e+02
5.730500000000000000e+04 5.000000000000000000e-01 2.752998047498869596e+02
5.730600000000000000e+04 3.333333333333333148e-01 2.757947794967175810e+02
5.730700000000000000e+04 6.666666666666666297e-01 2.764357943171390843e+02
5.730800000000000000e+04 3.333333333333333148e-01 2.770378740460786844e+02
5.730900000000000000e+04 6.666666666666666297e-01 2.782998169924911167e+02
5.731000000000000000e+04 2.500000000000000000e-01 2.788898169924910917e+02
5.731100000000000000e+04 5.000000000000000000e-01 2.802128816167630703e+02
5.731200000000000000e+04 7.500000000000000000e-01 2.812314099668839731e+02
5.731300000000000000e+04 3.333333333333333148e-01 2.789330626004506257e+02
5.731400000000000000e+04 6.666666666666666297e-01 2.794181399138760185e+02
5.731500000000000000e+04 3.333333333333333148e-01 2.769208716305644771e+02
5.731600000000000000e+04 6.666666666666666297e-01 2.774448945308274119e+02
5.731700000000000000e+04 3.333333333333333148e-01 2.756322201526588174e+02
5.731800000000000000e+04 6.666666666666666297e-01 2.765476981698716941e+02
5.731900000000000000e+04 3.333333333333333148e-01 2.746879658075064299e+02
5.732000000000000000e+04 6.666666666666666297e-01 2.754344910917399716e+02
5.732100000000000000e+04 5.000000000000000000e-01 2.701127707025528366e+02
5.732200000000000000e+04 3.333333333333333148e-01 2.631926218177666783e+02
5.732300000000000000e+04 6.666666666666666297e-01 2.636776991311920710e+02
5.732400000000000000e+04 2.500000000000000000e-01 2.614944770357060975e+02
5.732500000000000000e+04 5.000000000000000000e-01 2.619795543491314902e+02
5.732600000000000000e+04 7.500000000000000000e-01 2.624646316625568829e+02
5.732700000000000000e+04 3.333333333333333148e-01 2.571345268569482414e+02
5.732800000000000000e+04 6.666666666666666297e-01 2.577265572615728502e+02
5.732900000000000000e+04 5.000000000000000000e-01 2.558931881171911300e+02
5.733000000000000000e+04 3.333333333333333148e-01 2.548336623520612534e+02
5.733100000000000000e+04 6.666666666666666297e-01 2.554259460678596838e+02
5.733200000000000000e+04 3.333333333333333148e-01 2.548336623520612534e+02
5.733300000000000000e+04 6.666666666666666297e-01 2.554357420810008819e+02
5.733400000000000000e+04 3.333333333333333148e-01 2.538123637310863216e+02
5.733500000000000000e+04 6.666666666666666297e-01 2.545706512754914854e+02
5.733600000000000000e+04 5.000000000000000000e-01 2.465453580617825367e+02
5.733700000000000000e+04 5.000000000000000000e-01 2.416028917332737080e+02
5.733800000000000000e+04 5.000000000000000000e-01 2.380400717540898086e+02
5.733900000000000000e+04 5.000000000000000000e-01 2.355206899462158390e+02
5.734000000000000000e+04 3.333333333333333148e-01 2.297741415743805646e+02
5.734100000000000000e+04 6.666666666666666297e-01 2.303641415743805680e+02
5.734200000000000000e+04 3.333333333333333148e-01 2.215671567800178821e+02
5.734300000000000000e+04 6.666666666666666297e-01 2.221531601929772251e+02
5.734400000000000000e+04 3.333333333333333148e-01 2.178497335910212200e+02
5.734500000000000000e+04 6.666666666666666297e-01 2.186697335910212132e+02
5.734600000000000000e+04 3.333333333333333148e-01 2.173825264162789779e+02
5.734700000000000000e+04 6.666666666666666297e-01 2.177525264162789824e+02
5.734800000000000000e+04 3.333333333333333148e-01 2.169817954973176768e+02
5.734900000000000000e+04 6.666666666666666297e-01 2.175617954973176893e+02
5.735000000000000000e+04 2.000000000000000111e-01 1.931536033900622158e+02
5.735100000000000000e+04 4.000000000000000222e-01 1.936573890587746121e+02
5.735200000000000000e+04 5.999999999999999778e-01 1.942615413574543481e+02
5.735300000000000000e+04 8.000000000000000444e-01 1.946803491892817704e+02
5.735400000000000000e+04 3.333333333333333148e-01 1.820108641411541157e+02
5.735500000000000000e+04 6.666666666666666297e-01 1.829263421583669924e+02
5.735600000000000000e+04 2.500000000000000000e-01 1.805754024256052617e+02
5.735700000000000000e+04 5.000000000000000000e-01 1.815205479170508909e+02
5.735800000000000000e+04 7.500000000000000000e-01 1.821537935250103999e+02
5.735900000000000000e+04 2.500000000000000000e-01 1.673617742512475672e+02
5.736000000000000000e+04 5.000000000000000000e-01 1.679638539801871957e+02
5.736100000000000000e+04 7.500000000000000000e-01 1.684756156434641525e+02
5.736200000000000000e+04 2.000000000000000111e-01 1.667129736133395852e+02
5.736300000000000000e+04 4.000000000000000222e-01 1.676324299744573807e+02
5.736400000000000000e+04 5.999999999999999778e-01 1.680568118779358429e+02
5.736500000000000000e+04 8.000000000000000444e-01 1.686428152908951859e+02
5.736600000000000000e+04 2.500000000000000000e-01 1.575616924236574619e+02
5.736700000000000000e+04 5.000000000000000000e-01 1.580637880320827833e+02
5.736800000000000000e+04 7.500000000000000000e-01 1.585587627789133762e+02
5.736900000000000000e+04 2.500000000000000000e-01 1.507490516829645912e+02
5.737000000000000000e+04 5.000000000000000000e-01 1.515052262659809799e+02
5.737100000000000000e+04 7.500000000000000000e-01 1.521963847138060828e+02
5.743500000000000000e+04 7.750000000000000222e-01 1.209027466294213298e+02
5.743600000000000000e+04 8.000000000000000444e-01 1.223915716695116771e+02
5.743700000000000000e+04 8.249999999999999556e-01 1.241322037386176049e+02
5.743800000000000000e+04 8.499999999999999778e-01 1.251831556880425040e+02
5.743900000000000000e+04 8.750000000000000000e-01 1.271013058385781704e+02
5.744000000000000000e+04 9.000000000000000222e-01 1.287450211423945063e+02
5.744100000000000000e+04 9.250000000000000444e-01 1.294097015167098732e+02
5.744200000000000000e+04 9.499999999999999556e-01 1.304693712765879354e+02
5.744300000000000000e+04 9.749999999999999778e-01 1.315461720938238841e+02
5.744400000000000000e+04 1.666666666666666574e-01 1.330230945697853144e+02
5.744500000000000000e+04 3.333333333333333148e-01 1.344416149256491337e+02
5.744600000000000000e+04 5.000000000000000000e-01 1.357519583920731066e+02
5.744700000000000000e+04 6.666666666666666297e-01 1.370578297486775909e+02
5.744800000000000000e+04 8.333333333333333703e-01 1.380331245758965224e+02
5.744900000000000000e+04 3.333333333333333148e-01 1.389731245758965201e+02
5.745000000000000000e+04 6.666666666666666297e-01 1.395631245758965235e+02
5.745100000000000000e+04 4.545454545454545581e-02 1.394386138145603979e+02
5.745200000000000000e+04 9.090909090909091161e-02 1.406469184119198701e+02
5.745300000000000000e+04 1.363636363636363535e-01 1.419572618783438429e+02
5.745400000000000000e+04 1.818181818181818232e-01 1.445462578227207473e+02
5.745500000000000000e+04 2.272727272727272652e-01 1.457240948233282154e+02
5.745600000000000000e+04 2.727272727272727071e-01 1.468109250768636969e+02
5.745700000000000000e+04 3.181818181818181768e-01 1.477786543778564976e+02
5.745800000000000000e+04 3.636363636363636465e-01 1.489455733981831145e+02
5.745900000000000000e+04 4.090909090909091161e-01 1.501987294140087670e+02
5.746000000000000000e+04 4.545454545454545303e-01 1.519047481712327397e+02
5.746100000000000000e+04 5.000000000000000000e-01 1.530094653296040690e+02
5.746200000000000000e+04 5.454545454545454142e-01 1.553965556085838955e+02
5.746300000000000000e+04 5.909090909090909394e-01 1.566096920394934671e+02
5.746400000000000000e+04 6.363636363636363535e-01 1.583968685836546797e+02
5.746500000000000000e+04 6.818181818181817677e-01 1.595392345495342568e+02
5.746600000000000000e+04 7.272727272727272929e-01 1.607192345495342636e+02
5.746700000000000000e+04 7.727272727272727071e-01 1.615465797012091969e+02
5.746800000000000000e+04 8.181818181818182323e-01 1.623854479864602354e+02
5.746900000000000000e+04 8.636363636363636465e-01 1.641213339274137297e+02
5.747000000000000000e+04 9.090909090909090606e-01 1.661097755282660273e+02
5.747100000000000000e+04 9.545454545454545858e-01 1.675501921346684924e+02
5.747200000000000000e+04 2.500000000000000000e-01 1.693374805836884036e+02
5.747300000000000000e+04 5.000000000000000000e-01 1.708622756518861081e+02
5.747400000000000000e+04 7.500000000000000000e-01 1.720429957711353666e+02
5.747500000000000000e+04 1.666666666666666574e-01 1.739333925548821185e+02
5.747600000000000000e+04 3.333333333333333148e-01 1.754619539700696293e+02
5.747700000000000000e+04 5.000000000000000000e-01 1.767356101246105595e+02
5.747800000000000000e+04 6.666666666666666297e-01 1.782383409721012129e+02
5.747900000000000000e+04 8.333333333333333703e-01 1.788404207010408413e+02
5.748000000000000000e+04 2.000000000000000111e-01 1.804368542261210280e+02
5.748100000000000000e+04 4.000000000000000222e-01 1.822899597277047974e+02
5.748200000000000000e+04 5.999999999999999778e-01 1.838712882830657520e+02
5.748300000000000000e+04 8.000000000000000444e-01 1.859196534848791487e+02
5.748400000000000000e+04 6.666666666666666574e-02 1.869226988477616089e+02
5.748500000000000000e+04 1.333333333333333315e-01 1.881049424774758734e+02
5.748600000000000000e+04 2.000000000000000111e-01 1.891830890352313759e+02
5.748700000000000000e+04 2.666666666666666630e-01 1.904464179710196845e+02
5.748800000000000000e+04 3.333333333333333148e-01 1.913008183455514200e+02
5.748900000000000000e+04 4.000000000000000222e-01 1.922978639814177200e+02
5.749000000000000000e+04 4.666666666666666741e-01 1.931894356274451070e+02
5.749100000000000000e+04 5.333333333333333259e-01 1.954694575571642190e+02
5.749200000000000000e+04 5.999999999999999778e-01 1.970999482808422272e+02
5.749300000000000000e+04 6.666666666666666297e-01 1.986907656807973410e+02
5.749400000000000000e+04 7.333333333333332815e-01 2.005520824190232645e+02
5.749500000000000000e+04 8.000000000000000444e-01 2.023081006421633390e+02
5.749600000000000000e+04 8.666666666666666963e-01 2.035640465008690398e+02
5.749700000000000000e+04 9.333333333333333481e-01 2.042742577370516130e+02
5.749800000000000000e+04 1.428571428571428492e-01 2.056667016317920798e+02
5.749900000000000000e+04 2.857142857142856984e-01 2.067552327521556492e+02
5.750000000000000000e+04 4.285714285714285476e-01 2.081737531080194685e+02
5.750100000000000000e+04 5.714285714285713969e-01 2.090215148670060330e+02
5.750200000000000000e+04 7.142857142857143016e-01 2.117875408972523132e+02
5.750300000000000000e+04 8.571428571428570953e-01 2.134238171575457841e+02
5.750400000000000000e+04 9.090909090909091161e-02 2.152626754990174902e+02
5.750500000000000000e+04 1.818181818181818232e-01 2.178477480318489938e+02
5.750600000000000000e+04 2.727272727272727071e-01 2.188884208911088081e+02
5.750700000000000000e+04 3.636363636363636465e-01 2.200928294596602086e+02
5.750800000000000000e+04 4.545454545454545303e-01 2.215436223463259751e+02
5.750900000000000000e+04 5.454545454545454142e-01 2.227136650805882709e+02
5.751000000000000000e+04 6.363636363636363535e-01 2.249565426965093877e+02
5.751100000000000000e+04 7.272727272727272929e-01 2.270328133917704747e+02
5.751200000000000000e+04 8.181818181818182323e-01 2.276229828589576698e+02
5.751300000000000000e+04 9.090909090909090606e-01 2.292250440313228239e+02
5.751400000000000000e+04 8.333333333333332871e-02 2.303865516722791824e+02
5.751500000000000000e+04 1.666666666666666574e-01 2.317058317790040292e+02
5.751600000000000000e+04 2.500000000000000000e-01 2.330281403662861521e+02
5.751700000000000000e+04 3.333333333333333148e-01 2.341948879825254153e+02
5.751800000000000000e+04 4.166666666666666852e-01 2.351991289894555450e+02
5.751900000000000000e+04 5.000000000000000000e-01 2.366158858493295156e+02
5.752000000000000000e+04 5.833333333333333703e-01 2.377859285835918399e+02
5.752100000000000000e+04 6.666666666666666297e-01 2.391152893322225452e+02
5.752200000000000000e+04 7.500000000000000000e-01 2.412075130296315990e+02
5.752300000000000000e+04 8.333333333333333703e-01 2.422932846446593942e+02
5.752400000000000000e+04 9.166666666666666297e-01 2.432384301361050234e+02
5.752500000000000000e+04 7.692307692307692735e-02 2.442354757719712950e+02
5.752600000000000000e+04 1.538461538461538547e-01 2.455677295015588584e+02
5.752700000000000000e+04 2.307692307692307820e-01 2.469060119829505879e+02
5.752800000000000000e+04 3.076923076923077094e-01 2.482461612283706813e+02
5.752900000000000000e+04 3.846153846153846367e-01 2.493559810335642908e+02
5.753000000000000000e+04 4.615384615384615641e-01 2.504341275913197933e+02
5.753100000000000000e+04 5.384615384615384359e-01 2.518061334222111896e+02
5.753200000000000000e+04 6.153846153846154188e-01 2.527960829158723470e+02
5.753300000000000000e+04 6.923076923076922906e-01 2.538829131694078285e+02
5.753400000000000000e+04 7.692307692307692735e-01 2.559409219157449513e+02
5.753500000000000000e+04 8.461538461538461453e-01 2.572602020224697981e+02
5.753600000000000000e+04 9.230769230769231282e-01 2.591650117242510305e+02
5.753700000000000000e+04 5.000000000000000000e-01 2.611092339337733961e+02
5.753800000000000000e+04 1.666666666666666574e-01 2.625907871727762881e+02
5.753900000000000000e+04 3.333333333333333148e-01 2.635359326642219457e+02
5.754000000000000000e+04 5.000000000000000000e-01 2.656218856838271449e+02
5.754100000000000000e+04 6.666666666666666297e-01 2.664134663809136327e+02
5.754200000000000000e+04 8.333333333333333703e-01 2.689540175022257245e+02
5.754300000000000000e+04 2.500000000000000000e-01 2.697411642483918968e+02
5.754400000000000000e+04 5.000000000000000000e-01 2.709212066205124643e+02
5.754500000000000000e+04 7.500000000000000000e-01 2.719170981808743477e+02
5.754600000000000000e+04 2.500000000000000000e-01 2.737214263106777707e+02
5.754700000000000000e+04 5.000000000000000000e-01 2.756630750945724913e+02
5.754800000000000000e+04 7.500000000000000000e-01 2.767246776567396864e+02
5.754900000000000000e+04 3.333333333333333148e-01 2.784495834512687793e+02
5.755000000000000000e+04 6.666666666666666297e-01 2.793627647038139798e+02
5.755100000000000000e+04 5.000000000000000000e-01 2.809496169338593745e+02
5.755200000000000000e+04 1.666666666666666574e-01 2.822557945634335397e+02
5.755300000000000000e+04 3.333333333333333148e-01 2.834640991607930118e+02
5.755400000000000000e+04 5.000000000000000000e-01 2.852092925598178681e+02
5.755500000000000000e+04 6.666666666666666297e-01 2.866496744536224242e+02
5.755600000000000000e+04 8.333333333333333703e-01 2.883855603945759185e+02
5.755700000000000000e+04 3.333333333333333148e-01 2.900572362004665479e+02
5.755800000000000000e+04 6.666666666666666297e-01 2.920253317266034401e+02
5.755900000000000000e+04 2.500000000000000000e-01 2.929267750137823896e+02
5.756000000000000000e+04 5.000000000000000000e-01 2.943554107266217557e+02
5.756100000000000000e+04 7.500000000000000000e-01 2.955003124691306766e+02
5.756200000000000000e+04 3.333333333333333148e-01 2.962546333557565390e+02
5.756300000000000000e+04 6.666666666666666297e-01 2.967246333557565094e+02
5.756400000000000000e+04 5.000000000000000000e-01 2.963918841151580637e+02
5.756500000000000000e+04 2.500000000000000000e-01 2.975485171598182887e+02
5.756600000000000000e+04 5.000000000000000000e-01 2.979673249916457394e+02
5.756700000000000000e+04 7.500000000000000000e-01 2.986265669805997049e+02
5.756800000000000000e+04 4.347826086956521618e-02 2.976753949253969154e+02
5.756900000000000000e+04 8.695652173913043237e-02 2.983856061615795170e+02
5.757000000000000000e+04 1.304347826086956486e-01 3.000167100822418433e+02
5.757100000000000000e+04 1.739130434782608647e-01 3.007824776710049264e+02
5.757200000000000000e+04 2.173913043478260809e-01 3.027777721354888172e+02
5.757300000000000000e+04 2.608695652173912971e-01 3.040475358930437437e+02
5.757400000000000000e+04 3.043478260869565410e-01 3.051865266743936331e+02
5.757500000000000000e+04 3.478260869565217295e-01 3.058107862357941826e+02
5.757600000000000000e+04 3.913043478260869734e-01 3.067584148550327541e+02
5.757700000000000000e+04 4.347826086956521618e-01 3.081871555592894651e+02
5.757800000000000000e+04 4.782608695652174058e-01 3.100484722975153886e+02
5.757900000000000000e+04 5.217391304347825942e-01 3.109730803225725140e+02
5.758000000000000000e+04 5.652173913043477826e-01 3.123460333443471200e+02
5.758100000000000000e+04 6.086956521739130821e-01 3.138228203973781092e+02
5.758200000000000000e+04 6.521739130434782705e-01 3.149435790689930172e+02
5.758300000000000000e+04 6.956521739130434590e-01 3.157979794435247527e+02
5.758400000000000000e+04 7.391304347826086474e-01 3.165806032356496758e+02
5.758500000000000000e+04 7.826086956521739468e-01 3.173008809598644575e+02
5.758600000000000000e+04 8.260869565217391353e-01 3.184932735126757848e+02
5.758700000000000000e+04 8.695652173913043237e-01 3.198012872740712851e+02
5.758800000000000000e+04 9.130434782608695121e-01 3.212163844438798037e+02
5.758900000000000000e+04 9.565217391304348116e-01 3.224121687053583969e+02
5.759000000000000000e+04 1.428571428571428492e-01 3.228500042909381591e+02
5.759100000000000000e+04 2.857142857142856984e-01 3.235116688585250699e+02
5.759200000000000000e+04 4.285714285714285476e-01 3.241246941434848168e+02
5.759300000000000000e+04 5.714285714285713969e-01 3.248072628213480471e+02
5.759400000000000000e+04 7.142857142857143016e-01 3.255450974911759090e+02
5.759500000000000000e+04 8.571428571428570953e-01 3.262829321610037709e+02
5.759600000000000000e+04 9.090909090909091161e-02 3.277059571080795308e+02
5.759700000000000000e+04 1.818181818181818232e-01 3.293503414913670895e+02
5.759800000000000000e+04 2.727272727272727071e-01 3.306869790637852589e+02
5.759900000000000000e+04 3.636363636363636465e-01 3.317369790637852702e+02
5.760000000000000000e+04 4.545454545454545303e-01 3.324725060857225571e+02
5.760100000000000000e+04 5.454545454545454142e-01 3.331727917417230174e+02
5.760200000000000000e+04 6.363636363636363535e-01 3.342476870854658273e+02
5.760300000000000000e+04 7.272727272727272929e-01 3.347303878209116874e+02
5.760400000000000000e+04 8.181818181818182323e-01 3.354981117296184721e+02
5.760500000000000000e+04 9.090909090909090606e-01 3.366071202958613071e+02
5.760600000000000000e+04 8.333333333333332871e-02 3.372934146933322381e+02
5.760700000000000000e+04 1.666666666666666574e-01 3.379607227181603548e+02
5.760800000000000000e+04 2.500000000000000000e-01 3.387229562781667482e+02
5.760900000000000000e+04 3.333333333333333148e-01 3.398733475159637010e+02
5.761000000000000000e+04 4.166666666666666852e-01 3.408703931518300010e+02
5.761100000000000000e+04 5.000000000000000000e-01 3.421177904421909943e+02
5.761200000000000000e+04 5.833333333333333703e-01 3.428793677527773980e+02
5.761300000000000000e+04 6.666666666666666297e-01 3.442517015314187461e+02
5.761400000000000000e+04 7.500000000000000000e-01 3.448439852472171765e+02
5.761500000000000000e+04 8.333333333333333703e-01 3.456727192214211755e+02
5.761600000000000000e+04 9.166666666666666297e-01 3.465243646875630361e+02
5.761700000000000000e+04 2.500000000000000139e-02 3.472615892123856725e+02
5.761800000000000000e+04 5.000000000000000278e-02 3.481188522991915875e+02
5.761900000000000000e+04 7.499999999999999722e-02 3.487807435289265072e+02
5.762000000000000000e+04 1.000000000000000056e-01 3.497283721481650787e+02
5.762100000000000000e+04 1.250000000000000000e-01 3.503616177561245877e+02
5.762200000000000000e+04 1.499999999999999944e-01 3.508647082052488031e+02
5.762300000000000000e+04 1.749999999999999889e-01 3.515016540428205758e+02
5.762400000000000000e+04 2.000000000000000111e-01 3.521293482358795472e+02
5.762500000000000000e+04 2.250000000000000056e-01 3.530744937273252049e+02
5.762600000000000000e+04 2.500000000000000000e-01 3.542475666150862139e+02
5.762700000000000000e+04 2.750000000000000222e-01 3.547326439285116635e+02
5.762800000000000000e+04 2.999999999999999889e-01 3.559046507544303495e+02
5.762900000000000000e+04 3.250000000000000111e-01 3.567477996143595647e+02
5.763000000000000000e+04 3.499999999999999778e-01 3.574877996143595738e+02
5.763100000000000000e+04 3.750000000000000000e-01 3.581900104089220349e+02
5.763200000000000000e+04 4.000000000000000222e-01 3.588760133243677046e+02
5.763300000000000000e+04 4.249999999999999889e-01 3.600665594175535489e+02
5.763400000000000000e+04 4.500000000000000111e-01 3.611512252647156629e+02
5.763500000000000000e+04 4.749999999999999778e-01 3.619785704163905962e+02
5.763600000000000000e+04 5.000000000000000000e-01 3.633383130390953397e+02
5.763700000000000000e+04 5.250000000000000222e-01 3.644240846541230781e+02
5.763800000000000000e+04 5.500000000000000444e-01 3.652584706559232473e+02
5.763900000000000000e+04 5.749999999999999556e-01 3.668080835108002589e+02
5.764000000000000000e+04 5.999999999999999778e-01 3.675480835108002680e+02
5.764100000000000000e+04 6.250000000000000000e-01 3.681340869237596394e+02
5.764200000000000000e+04 6.500000000000000222e-01 3.691381785530445541e+02
5.764300000000000000e+04 6.750000000000000444e-01 3.701196570296297637e+02
5.764400000000000000e+04 6.999999999999999556e-01 3.707116874342544293e+02
5.764500000000000000e+04 7.249999999999999778e-01 3.717685223314829273e+02
5.764600000000000000e+04 7.500000000000000000e-01 3.732208996929148270e+02
5.764700000000000000e+04 7.750000000000000222e-01 3.739120581407399300e+02
5.764800000000000000e+04 8.000000000000000444e-01 3.743947588761857901e+02
5.764900000000000000e+04 8.249999999999999556e-01 3.751540348470949198e+02
5.765000000000000000e+04 8.499999999999999778e-01 3.760991803385405774e+02
5.765100000000000000e+04 8.750000000000000000e-01 3.773442104586580967e+02
5.765200000000000000e+04 9.000000000000000222e-01 3.784655489445757439e+02
5.765300000000000000e+04 9.250000000000000444e-01 3.790676286735154008e+02
5.765400000000000000e+04 9.499999999999999556e-01 3.808019873446096994e+02
5.765500000000000000e+04 9.749999999999999778e-01 3.818204666031122656e+02
5.765600000000000000e+04 1.111111111111111049e-01 3.472444341286588383e+02
5.765700000000000000e+04 2.222222222222222099e-01 3.479511872680222382e+02
5.765800000000000000e+04 3.333333333333333148e-01 3.490293338257777123e+02
5.765900000000000000e+04 4.444444444444444198e-01 3.493687450807472032e+02
5.766000000000000000e+04 5.555555555555555802e-01 3.498538223941725960e+02
5.766100000000000000e+04 6.666666666666666297e-01 3.508324438736016759e+02
5.766200000000000000e+04 7.777777777777777901e-01 3.514668727506241339e+02
5.766300000000000000e+04 8.888888888888888395e-01 3.522024677478882495e+02
5.766400000000000000e+04 5.000000000000000000e-01 3.372403659038208161e+02
5.766500000000000000e+04 5.000000000000000000e-01 3.268850118899433710e+02
5.766600000000000000e+04 7.142857142857142461e-02 3.237180400619628813e+02
5.766700000000000000e+04 1.428571428571428492e-01 3.245767600396040393e+02
5.766800000000000000e+04 2.142857142857142738e-01 3.252311299655633547e+02
5.766900000000000000e+04 2.857142857142856984e-01 3.257116505166326874e+02
5.767000000000000000e+04 3.571428571428571508e-01 3.266284383874075843e+02
5.767100000000000000e+04 4.285714285714285476e-01 3.273389311741408392e+02
5.767200000000000000e+04 5.000000000000000000e-01 3.277577390059682898e+02
5.767300000000000000e+04 5.714285714285713969e-01 3.285088714842968329e+02
5.767400000000000000e+04 6.428571428571429047e-01 3.292134280824491839e+02
5.767500000000000000e+04 7.142857142857143016e-01 3.300790492467006061e+02
5.767600000000000000e+04 7.857142857142856984e-01 3.309786602737561907e+02
5.767700000000000000e+04 8.571428571428570953e-01 3.316487348964662374e+02
5.767800000000000000e+04 9.285714285714286031e-01 3.323520840274104557e+02
5.767900000000000000e+04 1.428571428571428492e-01 3.328468567024845584e+02
5.768000000000000000e+04 2.857142857142856984e-01 3.335672038410226605e+02
5.768100000000000000e+04 4.285714285714285476e-01 3.340522811544480533e+02
5.768200000000000000e+04 5.714285714285713969e-01 3.349999097736866247e+02
5.768300000000000000e+04 7.142857142857143016e-01 3.357234427722430041e+02
5.768400000000000000e+04 8.571428571428570953e-01 3.372088720031388789e+02
5.768500000000000000e+04 1.428571428571428492e-01 3.377366029952172539e+02
5.768600000000000000e+04 2.857142857142856984e-01 3.384312971725356078e+02
5.768700000000000000e+04 4.285714285714285476e-01 3.391701476310182670e+02
5.768800000000000000e+04 5.714285714285713969e-01 3.401780166701299777e+02
5.768900000000000000e+04 7.142857142857143016e-01 3.406732943700116039e+02
5.769000000000000000e+04 8.571428571428570953e-01 3.409416225273115515e+02
5.769100000000000000e+04 5.000000000000000000e-01 3.420188875829037443e+02
5.769200000000000000e+04 2.500000000000000000e-01 3.425171846830357936e+02
5.769300000000000000e+04 5.000000000000000000e-01 3.429286454952646181e+02
5.769400000000000000e+04 7.500000000000000000e-01 3.437573794694686171e+02
5.769500000000000000e+04 9.090909090909091161e-02 3.444157106930939563e+02
5.769600000000000000e+04 1.818181818181818232e-01 3.453072823391213433e+02
5.769700000000000000e+04 2.727272727272727071e-01 3.460374193125722400e+02
5.769800000000000000e+04 3.636363636363636465e-01 3.467050269817912067e+02
5.769900000000000000e+04 4.545454545454545303e-01 3.473071067107308068e+02
5.770000000000000000e+04 5.454545454545454142e-01 3.482521463924373393e+02
5.770100000000000000e+04 6.363636363636363535e-01 3.489984707187191475e+02
5.770200000000000000e+04 7.272727272727272929e-01 3.500253592228908701e+02
5.770300000000000000e+04 8.181818181818182323e-01 3.507522017092659894e+02
5.770400000000000000e+04 9.090909090909090606e-01 3.517026226686308519e+02
5.770500000000000000e+04 5.000000000000000000e-01 3.447052191183544210e+02
5.770600000000000000e+04 1.666666666666666574e-01 3.425039648963291370e+02
5.770700000000000000e+04 3.333333333333333148e-01 3.431316590893881084e+02
5.770800000000000000e+04 5.000000000000000000e-01 3.439142828815130315e+02
5.770900000000000000e+04 6.666666666666666297e-01 3.447103356435835053e+02
5.771000000000000000e+04 8.333333333333333703e-01 3.457637586355482426e+02
5.771100000000000000e+04 3.333333333333333148e-01 3.415437022562511515e+02
5.771200000000000000e+04 6.666666666666666297e-01 3.420584837633005009e+02
5.771300000000000000e+04 1.428571428571428492e-01 3.381828329879837725e+02
5.771400000000000000e+04 2.857142857142856984e-01 3.390531202968651314e+02
5.771500000000000000e+04 4.285714285714285476e-01 3.399539532447528245e+02
5.771600000000000000e+04 5.714285714285713969e-01 3.406975929424559695e+02
5.771700000000000000e+04 7.142857142857143016e-01 3.413506626171461562e+02
5.771800000000000000e+04 8.571428571428570953e-01 3.420971879013796979e+02
5.771900000000000000e+04 5.000000000000000000e-01 3.335994813177714491e+02
5.772000000000000000e+04 1.000000000000000056e-01 2.931403653583831783e+02
5.772100000000000000e+04 2.000000000000000111e-01 2.944623335879560386e+02
5.772200000000000000e+04 2.999999999999999889e-01 2.952896787396309719e+02
5.772300000000000000e+04 4.000000000000000222e-01 2.966098681199851512e+02
5.772400000000000000e+04 5.000000000000000000e-01 2.976766389482327213e+02
5.772500000000000000e+04 5.999999999999999778e-01 2.988466389482327372e+02
5.772600000000000000e+04 6.999999999999999556e-01 3.006509116548932070e+02
5.772700000000000000e+04 8.000000000000000444e-01 3.032832870080675889e+02
5.772800000000000000e+04 9.000000000000000222e-01 3.049399704419196837e+02
5.772900000000000000e+04 3.333333333333333148e-01 3.059152652691386152e+02
5.773000000000000000e+04 6.666666666666666297e-01 3.065052652691385902e+02
5.773100000000000000e+04 1.250000000000000000e-01 3.061344996378792871e+02
5.773200000000000000e+04 2.500000000000000000e-01 3.081987186185109522e+02
5.773300000000000000e+04 3.750000000000000000e-01 3.091726796033558458e+02
5.773400000000000000e+04 5.000000000000000000e-01 3.102641006953272154e+02
5.773500000000000000e+04 6.250000000000000000e-01 3.114564932481385426e+02
5.773600000000000000e+04 7.500000000000000000e-01 3.123541011803673086e+02
5.773700000000000000e+04 8.750000000000000000e-01 3.138425231635427508e+02
5.773800000000000000e+04 3.333333333333333148e-01 3.148762059001693956e+02
5.773900000000000000e+04 6.666666666666666297e-01 3.157278513663112562e+02
5.774000000000000000e+04 3.333333333333333148e-01 3.152635791089579698e+02
5.774100000000000000e+04 6.666666666666666297e-01 3.168186032245266119e+02
5.774200000000000000e+04 2.500000000000000000e-01 3.179254004055855489e+02
5.774300000000000000e+04 5.000000000000000000e-01 3.192789512912193572e+02
5.774400000000000000e+04 7.500000000000000000e-01 3.199649542066650838e+02
5.774500000000000000e+04 5.000000000000000000e-01 3.182015348931205381e+02
5.774600000000000000e+04 3.333333333333333148e-01 3.188017015366455098e+02
5.774700000000000000e+04 6.666666666666666297e-01 3.193294325287238848e+02
5.774800000000000000e+04 3.333333333333333148e-01 3.192272054055171679e+02
5.774900000000000000e+04 6.666666666666666297e-01 3.195962582472620852e+02
5.775000000000000000e+04 5.000000000000000000e-01 3.203147288451295367e+02
5.775100000000000000e+04 5.000000000000000000e-01 3.201198993457255142e+02
5.775200000000000000e+04 1.111111111111111049e-01 3.193147284971266231e+02
5.775300000000000000e+04 2.222222222222222099e-01 3.204015587506621046e+02
5.775400000000000000e+04 3.333333333333333148e-01 3.215613863240538990e+02
5.775500000000000000e+04 4.444444444444444198e-01 3.222597415345306331e+02
5.775600000000000000e+04 5.555555555555555802e-01 3.231638432987143119e+02
5.775700000000000000e+04 6.666666666666666297e-01 3.241315725997071127e+02
5.775800000000000000e+04 7.777777777777777901e-01 3.251021909593109172e+02
5.775900000000000000e+04 8.888888888888888395e-01 3.261150581766696632e+02
5.776000000000000000e+04 3.333333333333333148e-01 3.271205431342896190e+02
5.776100000000000000e+04 6.666666666666666297e-01 3.286125551985840048e+02
5.776200000000000000e+04 2.500000000000000000e-01 3.269669384499475200e+02
5.776300000000000000e+04 5.000000000000000000e-01 3.279071511918309625e+02
5.776400000000000000e+04 7.500000000000000000e-01 3.288560979764295666e+02
5.776500000000000000e+04 2.500000000000000000e-01 3.298626763390024621e+02
5.776600000000000000e+04 5.000000000000000000e-01 3.303859353570805411e+02
5.776700000000000000e+04 7.500000000000000000e-01 3.309091943751585632e+02
5.776800000000000000e+04 3.333333333333333148e-01 3.299744002611450924e+02
5.776900000000000000e+04 6.666666666666666297e-01 3.312015106881238466e+02
5.777000000000000000e+04 3.333333333333333148e-01 3.321144181314060120e+02
5.777100000000000000e+04 6.666666666666666297e-01 3.337588025146935706e+02
5.777200000000000000e+04 5.000000000000000000e-01 3.345178150310593992e+02
5.777300000000000000e+04 3.333333333333333148e-01 3.352073075980969179e+02
5.777400000000000000e+04 6.666666666666666297e-01 3.358405532060564269e+02
5.777500000000000000e+04 2.500000000000000000e-01 3.367654856360209124e+02
5.777600000000000000e+04 5.000000000000000000e-01 3.372605613878003510e+02
5.777700000000000000e+04 7.500000000000000000e-01 3.381122068539422116e+02
5.777800000000000000e+04 1.428571428571428492e-01 3.388228403741198349e+02
5.777900000000000000e+04 2.857142857142856984e-01 3.393079176875452276e+02
5.778000000000000000e+04 4.285714285714285476e-01 3.407230148573536894e+02
5.778100000000000000e+04 5.714285714285713969e-01 3.415774152318854249e+02
5.778200000000000000e+04 7.142857142857143016e-01 3.421702052452965859e+02
5.778300000000000000e+04 8.571428571428570953e-01 3.429165295715783941e+02
5.778400000000000000e+04 1.886792452830188607e-02 3.443454802355273046e+02
5.778500000000000000e+04 3.773584905660377214e-02 3.451841100704366454e+02
5.778600000000000000e+04 5.660377358490566169e-02 3.460128440446406444e+02
5.778700000000000000e+04 7.547169811320754429e-02 3.474228440446406694e+02
5.778800000000000000e+04 9.433962264150944077e-02 3.476822664800621396e+02
5.778900000000000000e+04 1.132075471698113234e-01 3.490594011866177766e+02
5.779000000000000000e+04 1.320754716981132060e-01 3.500070298058563480e+02
5.779100000000000000e+04 1.509433962264150886e-01 3.505991446595798493e+02
5.779200000000000000e+04 1.698113207547169712e-01 3.512323902675393583e+02
5.779300000000000000e+04 1.886792452830188815e-01 3.519323902675394038e+02
5.779400000000000000e+04 2.075471698113207641e-01 3.529507222369874739e+02
5.779500000000000000e+04 2.264150943396226467e-01 3.536609334731700756e+02
5.779600000000000000e+04 2.452830188679245293e-01 3.547266257364431112e+02
5.779700000000000000e+04 2.641509433962264120e-01 3.553350663662501461e+02
5.779800000000000000e+04 2.830188679245282946e-01 3.559210697792095175e+02
5.779900000000000000e+04 3.018867924528301772e-01 3.572265964928388939e+02
5.780000000000000000e+04 3.207547169811320598e-01 3.582865964928388962e+02
5.780100000000000000e+04 3.396226415094339424e-01 3.591433344924630546e+02
5.780200000000000000e+04 3.584905660377358250e-01 3.599777204942631670e+02
5.780300000000000000e+04 3.773584905660377631e-01 3.605677204942631988e+02
5.780400000000000000e+04 3.962264150943396457e-01 3.611698002232027989e+02
5.780500000000000000e+04 4.150943396226415283e-01 3.622566304767382803e+02
5.780600000000000000e+04 4.339622641509434109e-01 3.628469693624641081e+02
5.780700000000000000e+04 4.528301886792452935e-01 3.635296112890991367e+02
5.780800000000000000e+04 4.716981132075471761e-01 3.644162904870055968e+02
5.780900000000000000e+04 4.905660377358490587e-01 3.658255810886914219e+02
5.781000000000000000e+04 5.094339622641509413e-01 3.663254810786893927e+02
5.781100000000000000e+04 5.283018867924528239e-01 3.670354810786893722e+02
5.781200000000000000e+04 5.471698113207547065e-01 3.676631752717483437e+02
5.781300000000000000e+04 5.660377358490565891e-01 3.682995713748162530e+02
5.781400000000000000e+04 5.849056603773584717e-01 3.684195713748162575e+02
5.781500000000000000e+04 6.037735849056603543e-01 3.690055747877755721e+02
5.781600000000000000e+04 6.226415094339622369e-01 3.698255747877756221e+02
5.781700000000000000e+04 6.415094339622641195e-01 3.706543087619796211e+02
5.781800000000000000e+04 6.603773584905660021e-01 3.714369325541045441e+02
5.781900000000000000e+04 6.792452830188678847e-01 3.719460494365588943e+02
5.782000000000000000e+04 6.981132075471697673e-01 3.723163196081903834e+02
5.782100000000000000e+04 7.169811320754716499e-01 3.732317976254032601e+02
5.782200000000000000e+04 7.358490566037735325e-01 3.741549444176308157e+02
5.782300000000000000e+04 7.547169811320755262e-01 3.747881900255903247e+02
5.782400000000000000e+04 7.735849056603774088e-01 3.757333355170359255e+02
5.782500000000000000e+04 7.924528301886792914e-01 3.761521433488633761e+02
5.782600000000000000e+04 8.113207547169811740e-01 3.767441737534879849e+02
5.782700000000000000e+04 8.301886792452830566e-01 3.775958192196298455e+02
5.782800000000000000e+04 8.490566037735849392e-01 3.788089556505394171e+02
5.782900000000000000e+04 8.679245283018868218e-01 3.792449602376712505e+02
5.783000000000000000e+04 8.867924528301887044e-01 3.798782058456307595e+02
5.783100000000000000e+04 9.056603773584905870e-01 3.802482058456307641e+02
5.783200000000000000e+04 9.245283018867924696e-01 3.810682058456308141e+02
5.783300000000000000e+04 9.433962264150943522e-01 3.815833757205264760e+02
5.783400000000000000e+04 9.622641509433962348e-01 3.827945321926637803e+02
5.783500000000000000e+04 9.811320754716981174e-01 3.839745321926637871e+02
5.783600000000000000e+04 2.000000000000000111e-01 3.434025336867873079e+02
5.783700000000000000e+04 4.000000000000000222e-01 3.439257927048653301e+02
5.783800000000000000e+04 5.999999999999999778e-01 3.444490517229434090e+02
5.783900000000000000e+04 8.000000000000000444e-01 3.451675223208108036e+02
5.784000000000000000e+04 1.666666666666666574e-01 3.387491526915139843e+02
5.784100000000000000e+04 3.333333333333333148e-01 3.394778501596034630e+02
5.784200000000000000e+04 5.000000000000000000e-01 3.403519210949399962e+02
5.784300000000000000e+04 6.666666666666666297e-01 3.408659249859758802e+02
5.784400000000000000e+04 8.333333333333333703e-01 3.414519283989351948e+02
5.784500000000000000e+04 5.000000000000000000e-01 3.366361661772930916e+02
5.784600000000000000e+04 3.333333333333333148e-01 3.351198947599989992e+02
5.784700000000000000e+04 6.666666666666666297e-01 3.358058976754447258e+02
5.784800000000000000e+04 3.333333333333333148e-01 3.341288025146935752e+02
5.784900000000000000e+04 6.666666666666666297e-01 3.348390137508761768e+02
5.785000000000000000e+04 3.333333333333333148e-01 3.322080890506967989e+02
5.785100000000000000e+04 6.666666666666666297e-01 3.333416233466049334e+02
5.785200000000000000e+04 1.250000000000000000e-01 3.340784408273964914e+02
5.785300000000000000e+04 2.500000000000000000e-01 3.347904801521531795e+02
5.785400000000000000e+04 3.750000000000000000e-01 3.357356256435988371e+02
5.785500000000000000e+04 5.000000000000000000e-01 3.365316784056693109e+02
5.785600000000000000e+04 6.250000000000000000e-01 3.374693883821545910e+02
5.785700000000000000e+04 7.500000000000000000e-01 3.380258953452736250e+02
5.785800000000000000e+04 8.750000000000000000e-01 3.390758953452736364e+02
5.785900000000000000e+04 5.000000000000000000e-01 3.342688773571112506e+02
5.786000000000000000e+04 5.000000000000000000e-01 3.350231982437370561e+02
5.786100000000000000e+04 2.500000000000000000e-01 3.353285471169892844e+02
5.786200000000000000e+04 5.000000000000000000e-01 3.365174962328054562e+02
5.786300000000000000e+04 7.500000000000000000e-01 3.373196807502326919e+02
5.786400000000000000e+04 2.500000000000000000e-01 3.379217604791722920e+02
5.786500000000000000e+04 5.000000000000000000e-01 3.382917604791722965e+02
5.786600000000000000e+04 7.500000000000000000e-01 3.391461608537040320e+02
5.786700000000000000e+04 5.000000000000000000e-01 3.384230392595124499e+02
5.786800000000000000e+04 3.333333333333333148e-01 3.393398271302873468e+02
5.786900000000000000e+04 6.666666666666666297e-01 3.399301660160131746e+02
5.787000000000000000e+04 5.000000000000000000e-01 3.389647033620704519e+02
5.787100000000000000e+04 3.333333333333333148e-01 3.404291486495428103e+02
5.787200000000000000e+04 6.666666666666666297e-01 3.410265597307925987e+02
5.787300000000000000e+04 2.500000000000000000e-01 3.396110005073527418e+02
5.787400000000000000e+04 5.000000000000000000e-01 3.404757548077178626e+02
5.787500000000000000e+04 7.500000000000000000e-01 3.410977676693212288e+02
5.787600000000000000e+04 2.000000000000000111e-01 3.422612108351011670e+02
5.787700000000000000e+04 4.000000000000000222e-01 3.430483575812673394e+02
5.787800000000000000e+04 5.999999999999999778e-01 3.435716165993453615e+02
5.787900000000000000e+04 8.000000000000000444e-01 3.446595963785692334e+02
5.788000000000000000e+04 2.500000000000000000e-01 3.417831872488490035e+02
5.788100000000000000e+04 5.000000000000000000e-01 3.427880255442975681e+02
5.788200000000000000e+04 7.500000000000000000e-01 3.434575029524302181e+02
5.788300000000000000e+04 1.666666666666666574e-01 3.444933600854365068e+02
5.788400000000000000e+04 3.333333333333333148e-01 3.452775794425044182e+02
5.788500000000000000e+04 5.000000000000000000e-01 3.457019613459828520e+02
5.788600000000000000e+04 6.666666666666666297e-01 3.464845851381077750e+02
5.788700000000000000e+04 8.333333333333333703e-01 3.477236573716760972e+02
5.788800000000000000e+04 3.333333333333333148e-01 3.444113373196030352e+02
5.788900000000000000e+04 6.666666666666666297e-01 3.447753428140670735e+02
5.789000000000000000e+04 3.333333333333333148e-01 3.453613462270263881e+02
5.789100000000000000e+04 6.666666666666666297e-01 3.459533766316509968e+02
5.789200000000000000e+04 5.000000000000000000e-01 3.455296637006929359e+02
5.789300000000000000e+04 3.333333333333333148e-01 3.469482193041149571e+02
5.789400000000000000e+04 6.666666666666666297e-01 3.477998647702568178e+02
5.789500000000000000e+04 3.333333333333333148e-01 3.466485023843287649e+02
5.789600000000000000e+04 6.666666666666666297e-01 3.477647908775060159e+02
5.789700000000000000e+04 5.000000000000000000e-01 3.483980364854655249e+02
5.789800000000000000e+04 9.090909090909091161e-02 3.493067718704924118e+02
5.789900000000000000e+04 1.818181818181818232e-01 3.500598986858429384e+02
5.790000000000000000e+04 2.727272727272727071e-01 3.509142990603746739e+02
5.790100000000000000e+04 3.636363636363636465e-01 3.516343685014704761e+02
5.790200000000000000e+04 4.545454545454545303e-01 3.521712111227292326e+02
5.790300000000000000e+04 5.454545454545454142e-01 3.528358914970445994e+02
5.790400000000000000e+04 6.363636363636363535e-01 3.534222361056153545e+02
5.790500000000000000e+04 7.272727272727272929e-01 3.540224027491403263e+02
5.790600000000000000e+04 8.181818181818182323e-01 3.548683932928227023e+02
5.790700000000000000e+04 9.090909090909090606e-01 3.557369553228470522e+02
5.790800000000000000e+04 2.500000000000000000e-01 3.497173165921904001e+02
5.790900000000000000e+04 5.000000000000000000e-01 3.503033200051497147e+02
5.791000000000000000e+04 7.500000000000000000e-01 3.509034866486746864e+02
5.791100000000000000e+04 3.333333333333333148e-01 3.488494567246681868e+02
5.791200000000000000e+04 6.666666666666666297e-01 3.497477328514799524e+02
5.791300000000000000e+04 1.111111111111111049e-01 3.501692776296471266e+02
5.791400000000000000e+04 2.222222222222222099e-01 3.506519783650930435e+02
5.791500000000000000e+04 3.333333333333333148e-01 3.510707861969204941e+02
5.791600000000000000e+04 4.444444444444444198e-01 3.515985171889988123e+02
5.791700000000000000e+04 5.555555555555555802e-01 3.520812179244447293e+02
5.791800000000000000e+04 6.666666666666666297e-01 3.524480966510016628e+02
5.791900000000000000e+04 7.777777777777777901e-01 3.536077517721475942e+02
5.792000000000000000e+04 8.888888888888888395e-01 3.539677517721476079e+02
5.792100000000000000e+04 5.000000000000000000e-01 3.544482723232169405e+02
5.792200000000000000e+04 2.500000000000000000e-01 3.551945966494987488e+02
5.792300000000000000e+04 5.000000000000000000e-01 3.566352215139239092e+02
5.792400000000000000e+04 7.500000000000000000e-01 3.570596034174023430e+02
5.792500000000000000e+04 5.000000000000000000e-01 3.555351025767524220e+02
5.792600000000000000e+04 5.000000000000000000e-01 3.543865596039750585e+02
5.792700000000000000e+04 3.333333333333333148e-01 3.504124132257953192e+02
5.792800000000000000e+04 6.666666666666666297e-01 3.511088326396545085e+02
5.792900000000000000e+04 3.333333333333333148e-01 3.516504967422125105e+02
5.793000000000000000e+04 6.666666666666666297e-01 3.521746150494676613e+02
5.793100000000000000e+04 5.000000000000000000e-01 3.525905477363293699e+02
5.793200000000000000e+04 1.000000000000000056e-01 3.526776061030660117e+02
5.793300000000000000e+04 2.000000000000000111e-01 3.533482774085503024e+02
5.793400000000000000e+04 2.999999999999999889e-01 3.541120836667074627e+02
5.793500000000000000e+04 4.000000000000000222e-01 3.550848117890520257e+02
5.793600000000000000e+04 5.000000000000000000e-01 3.558083447876084051e+02
5.793700000000000000e+04 5.999999999999999778e-01 3.566999164336357921e+02
5.793800000000000000e+04 6.999999999999999556e-01 3.569682445909357398e+02
5.793900000000000000e+04 8.000000000000000444e-01 3.574533219043611325e+02
5.794000000000000000e+04 9.000000000000000222e-01 3.580393253173205039e+02
5.794100000000000000e+04 3.333333333333333148e-01 3.516524317566515947e+02
5.794200000000000000e+04 6.666666666666666297e-01 3.525975772480972523e+02
5.794300000000000000e+04 2.000000000000000111e-01 3.537005278362923946e+02
5.794400000000000000e+04 4.000000000000000222e-01 3.543300514657138933e+02
5.794500000000000000e+04 5.999999999999999778e-01 3.556494831615587486e+02
5.794600000000000000e+04 8.000000000000000444e-01 3.563596943977413503e+02
5.794700000000000000e+04 3.333333333333333148e-01 3.531843480721844912e+02
5.794800000000000000e+04 6.666666666666666297e-01 3.537634853616073087e+02
5.794900000000000000e+04 3.333333333333333148e-01 3.544736965977899104e+02
5.795000000000000000e+04 6.666666666666666297e-01 3.552200209240717186e+02
5.795100000000000000e+04 1.428571428571428492e-01 3.544281657359226756e+02
5.795200000000000000e+04 2.857142857142856984e-01 3.551857276145834135e+02
5.795300000000000000e+04 4.285714285714285476e-01 3.561534569155762142e+02
5.795400000000000000e+04 5.714285714285713969e-01 3.566458998056660334e+02
5.795500000000000000e+04 7.142857142857143016e-01 3.576437474894334514e+02
5.795600000000000000e+04 8.571428571428570953e-01 3.583738844628843481e+02
5.795700000000000000e+04 2.500000000000000000e-01 3.589759641918239481e+02
5.795800000000000000e+04 5.000000000000000000e-01 3.598033093434988814e+02
5.795900000000000000e+04 7.500000000000000000e-01 3.603054049519242312e+02
5.796000000000000000e+04 8.333333333333332871e-02 3.592257647361622617e+02
5.796100000000000000e+04 1.666666666666666574e-01 3.599352716071649070e+02
5.796200000000000000e+04 2.500000000000000000e-01 3.609913492558252415e+02
5.796300000000000000e+04 3.333333333333333148e-01 3.615773526687846129e+02
5.796400000000000000e+04 4.166666666666666852e-01 3.620624299822100056e+02
5.796500000000000000e+04 5.000000000000000000e-01 3.625856890002880846e+02
5.796600000000000000e+04 5.833333333333333703e-01 3.643380017577603098e+02
5.796700000000000000e+04 6.666666666666666297e-01 3.651896472239021705e+02
5.796800000000000000e+04 7.500000000000000000e-01 3.661220634399773530e+02
5.796900000000000000e+04 8.333333333333333703e-01 3.663814858753988233e+02
5.797000000000000000e+04 9.166666666666666297e-01 3.671164688683992949e+02
5.797100000000000000e+04 3.333333333333333148e-01 2.894637069523313926e+02
5.797200000000000000e+04 6.666666666666666297e-01 2.903068558122606078e+02
5.797300000000000000e+04 2.500000000000000000e-01 2.819537085631442892e+02
5.797400000000000000e+04 5.000000000000000000e-01 2.823725163949717398e+02
5.797500000000000000e+04 7.500000000000000000e-01 2.829648001107701702e+02
5.797600000000000000e+04 3.333333333333333148e-01 2.803154976149700701e+02
5.797700000000000000e+04 6.666666666666666297e-01 2.809524434525418428e+02
5.797800000000000000e+04 3.333333333333333148e-01 2.778610754744074143e+02
5.797900000000000000e+04 6.666666666666666297e-01 2.787127209405492749e+02
5.798000000000000000e+04 3.333333333333333148e-01 2.728380216304618102e+02
5.798100000000000000e+04 6.666666666666666297e-01 2.733230989438872029e+02
5.798200000000000000e+04 3.333333333333333148e-01 2.701291770658595510e+02
5.798300000000000000e+04 6.666666666666666297e-01 2.712138429130217219e+02
5.798400000000000000e+04 2.500000000000000000e-01 2.624592339337734188e+02
5.798500000000000000e+04 5.000000000000000000e-01 2.631503923815985218e+02
5.798600000000000000e+04 7.500000000000000000e-01 2.635203923815985263e+02
5.798700000000000000e+04 3.333333333333333148e-01 2.604162910695612823e+02
5.798800000000000000e+04 6.666666666666666297e-01 2.611644220741320055e+02
5.798900000000000000e+04 3.333333333333333148e-01 2.600935051275662886e+02
5.799000000000000000e+04 6.666666666666666297e-01 2.607581855018816555e+02
5.799100000000000000e+04 1.666666666666666574e-01 2.440210539282299749e+02
5.799200000000000000e+04 3.333333333333333148e-01 2.445301708106842966e+02
5.799300000000000000e+04 5.000000000000000000e-01 2.449489786425117472e+02
5.799400000000000000e+04 6.666666666666666297e-01 2.455349820554710902e+02
5.799500000000000000e+04 8.333333333333333703e-01 2.459239550622466197e+02
5.799600000000000000e+04 3.333333333333333148e-01 2.300765133496191481e+02
5.799700000000000000e+04 6.666666666666666297e-01 2.306042443416974947e+02
5.799800000000000000e+04 2.500000000000000000e-01 2.143776515247186296e+02
5.799900000000000000e+04 5.000000000000000000e-01 2.147476515247186057e+02
5.800000000000000000e+04 7.500000000000000000e-01 2.152176515247186046e+02
5.800100000000000000e+04 3.333333333333333148e-01 2.048763374659912415e+02
5.800200000000000000e+04 6.666666666666666297e-01 2.053995964840692920e+02
5.800300000000000000e+04 3.333333333333333148e-01 1.868952558629000293e+02
5.800400000000000000e+04 6.666666666666666297e-01 1.876054670990826310e+02
5.800500000000000000e+04 3.333333333333333148e-01 1.800238901767773427e+02
5.800600000000000000e+04 6.666666666666666297e-01 1.805212833813951647e+02
5.800700000000000000e+04 3.333333333333333148e-01 1.729090789080223658e+02
5.800800000000000000e+04 6.666666666666666297e-01 1.734323379261004163e+02
5.800900000000000000e+04 3.333333333333333148e-01 1.684417637806958794e+02
5.801000000000000000e+04 6.666666666666666297e-01 1.692333444777824241e+02
5.801100000000000000e+04 2.500000000000000000e-01 1.323004929804497181e+02
5.801200000000000000e+04 5.000000000000000000e-01 1.325599154158711599e+02
5.801300000000000000e+04 7.500000000000000000e-01 1.330449927292965526e+02
5.806800000000000000e+04 6.875000000000000000e-01 1.202174042423799278e+02
5.806900000000000000e+04 7.500000000000000000e-01 1.210920470266067355e+02
5.807000000000000000e+04 8.125000000000000000e-01 1.217252926345662445e+02
5.807100000000000000e+04 8.750000000000000000e-01 1.223273723635058587e+02
5.807200000000000000e+04 9.375000000000000000e-01 1.230151950150665670e+02
5.807300000000000000e+04 3.333333333333333148e-01 1.238645477097700223e+02
5.807400000000000000e+04 6.666666666666666297e-01 1.247468175097745302e+02
5.807500000000000000e+04 5.000000000000000000e-01 1.241250148202601906e+02
