5.533500000000000000e+04 2.500000000000000000e-01
5.644500000000000000e+04 3.333333333333333148e-01
5.621100000000000000e+04 8.000000000000000444e-01
5.642300000000000000e+04 3.750000000000000000e-01
5.630700000000000000e+04 5.882352941176470784e-01
5.620900000000000000e+04 4.000000000000000222e-01
5.596400000000000000e+04 8.333333333333333703e-01
5.642100000000000000e+04 2.500000000000000000e-01
5.629900000000000000e+04 1.176470588235294101e-01
5.620800000000000000e+04 2.000000000000000111e-01
5.644600000000000000e+04 3.809523809523809312e-01
5.644300000000000000e+04 2.380952380952380820e-01
5.641900000000000000e+04 1.250000000000000000e-01
5.596200000000000000e+04 5.000000000000000000e-01
5.594400000000000000e+04 5.882352941176470507e-02
5.633100000000000000e+04 3.809523809523809312e-01
5.534500000000000000e+04 7.500000000000000000e-01
5.629100000000000000e+04 5.999999999999999778e-01
5.631500000000000000e+04 1.818181818181818232e-01
5.596300000000000000e+04 6.666666666666666297e-01
5.629200000000000000e+04 8.000000000000000444e-01
5.631100000000000000e+04 8.235294117647058432e-01
5.621300000000000000e+04 1.818181818181818232e-01
5.644800000000000000e+04 4.761904761904761640e-01
5.533300000000000000e+04 1.499999999999999944e-01
5.630600000000000000e+04 5.294117647058823595e-01
5.643500000000000000e+04 5.000000000000000000e-01
5.633400000000000000e+04 5.238095238095238360e-01
5.628700000000000000e+04 3.333333333333333148e-01
5.645000000000000000e+04 5.714285714285713969e-01
5.630100000000000000e+04 2.352941176470588203e-01
5.644900000000000000e+04 5.238095238095238360e-01
5.594100000000000000e+04 7.500000000000000000e-01
5.644000000000000000e+04 9.523809523809523281e-02
5.620600000000000000e+04 5.000000000000000000e-01
5.642500000000000000e+04 5.000000000000000000e-01
5.595800000000000000e+04 8.823529411764705621e-01
5.535000000000000000e+04 2.500000000000000000e-01
5.629600000000000000e+04 3.333333333333333148e-01
5.594600000000000000e+04 1.764705882352941291e-01
5.533100000000000000e+04 5.000000000000000278e-02
5.627800000000000000e+04 3.333333333333333148e-01
5.630500000000000000e+04 4.705882352941176405e-01
5.630000000000000000e+04 1.764705882352941291e-01
5.594900000000000000e+04 3.529411764705882582e-01
5.631400000000000000e+04 9.090909090909091161e-02
5.596100000000000000e+04 3.333333333333333148e-01
5.535100000000000000e+04 5.000000000000000000e-01
5.642200000000000000e+04 3.125000000000000000e-01
5.595900000000000000e+04 9.411764705882352811e-01
5.534300000000000000e+04 6.500000000000000222e-01
5.643800000000000000e+04 5.000000000000000000e-01
5.533900000000000000e+04 4.500000000000000111e-01
5.594000000000000000e+04 5.000000000000000000e-01
5.632600000000000000e+04 1.428571428571428492e-01
5.632700000000000000e+04 1.904761904761904656e-01
5.630400000000000000e+04 4.117647058823529216e-01
5.620200000000000000e+04 2.500000000000000000e-01
5.630800000000000000e+04 6.470588235294117974e-01
5.532900000000000000e+04 3.333333333333333148e-01
5.633200000000000000e+04 4.285714285714285476e-01
5.633300000000000000e+04 4.761904761904761640e-01
5.621400000000000000e+04 2.727272727272727071e-01
5.595300000000000000e+04 5.882352941176470784e-01
5.628000000000000000e+04 1.250000000000000000e-01
5.631900000000000000e+04 5.454545454545454142e-01
5.534900000000000000e+04 9.499999999999999556e-01
5.594200000000000000e+04 3.333333333333333148e-01
5.594300000000000000e+04 6.666666666666666297e-01
5.642000000000000000e+04 1.875000000000000000e-01
5.631000000000000000e+04 7.647058823529411242e-01
5.534000000000000000e+04 5.000000000000000000e-01
5.632300000000000000e+04 9.090909090909090606e-01
5.621200000000000000e+04 9.090909090909091161e-02
5.644400000000000000e+04 2.857142857142856984e-01
5.629700000000000000e+04 6.666666666666666297e-01
5.643700000000000000e+04 8.333333333333333703e-01
5.533800000000000000e+04 4.000000000000000222e-01
5.631700000000000000e+04 3.636363636363636465e-01
5.534800000000000000e+04 9.000000000000000222e-01
5.595400000000000000e+04 6.470588235294117974e-01
5.627900000000000000e+04 6.666666666666666297e-01
5.631800000000000000e+04 4.545454545454545303e-01
5.629400000000000000e+04 3.333333333333333148e-01
5.595000000000000000e+04 4.117647058823529216e-01
5.632000000000000000e+04 6.363636363636363535e-01
5.632200000000000000e+04 8.181818181818182323e-01
5.644700000000000000e+04 4.285714285714285476e-01
5.630900000000000000e+04 7.058823529411765163e-01
5.630200000000000000e+04 2.941176470588235392e-01
5.594700000000000000e+04 2.352941176470588203e-01
5.632500000000000000e+04 9.523809523809523281e-02
5.534100000000000000e+04 5.500000000000000444e-01
5.643600000000000000e+04 6.666666666666666297e-01
5.621000000000000000e+04 5.999999999999999778e-01
5.632400000000000000e+04 4.761904761904761640e-02
5.643400000000000000e+04 3.333333333333333148e-01
5.532700000000000000e+04 5.999999999999999778e-01
5.629800000000000000e+04 5.882352941176470507e-02
5.642400000000000000e+04 4.375000000000000000e-01
5.849400000000000000e+04 1.639344262295081844e-01
5.671900000000000000e+04 2.692307692307692180e-01
5.811000000000000000e+04 2.916666666666666852e-01
5.809200000000000000e+04 3.684210526315789269e-01
5.810800000000000000e+04 2.083333333333333426e-01
5.674600000000000000e+04 1.698113207547169712e-01
5.849000000000000000e+04 9.836065573770491621e-02
5.737600000000000000e+04 1.764705882352941291e-01
5.810000000000000000e+04 7.894736842105263275e-01
5.737400000000000000e+04 5.882352941176470507e-02
5.674700000000000000e+04 1.886792452830188815e-01
5.810500000000000000e+04 8.333333333333332871e-02
5.674200000000000000e+04 9.433962264150944077e-02
5.809700000000000000e+04 6.315789473684210176e-01
5.808600000000000000e+04 5.263157894736841813e-02
5.849200000000000000e+04 1.311475409836065642e-01
5.737800000000000000e+04 2.941176470588235392e-01
5.672800000000000000e+04 6.153846153846154188e-01
5.810400000000000000e+04 4.166666666666666435e-02
5.672400000000000000e+04 4.615384615384615641e-01
5.673100000000000000e+04 7.307692307692307265e-01
5.737500000000000000e+04 1.176470588235294101e-01
5.674000000000000000e+04 5.660377358490566169e-02
5.672600000000000000e+04 5.384615384615384359e-01
5.673600000000000000e+04 9.230769230769231282e-01
5.810200000000000000e+04 8.947368421052631637e-01
5.673700000000000000e+04 9.615384615384615641e-01
5.672100000000000000e+04 3.461538461538461453e-01
5.674800000000000000e+04 2.075471698113207641e-01
5.673300000000000000e+04 8.076923076923077094e-01
5.672700000000000000e+04 5.769230769230768718e-01
5.674100000000000000e+04 7.547169811320754429e-02
5.671300000000000000e+04 3.846153846153846367e-02
5.809800000000000000e+04 6.842105263157894912e-01
5.673900000000000000e+04 3.773584905660377214e-02
5.672900000000000000e+04 6.538461538461538547e-01
5.848500000000000000e+04 1.639344262295082053e-02
5.811100000000000000e+04 3.333333333333333148e-01
5.809900000000000000e+04 7.368421052631578538e-01
5.673800000000000000e+04 1.886792452830188607e-02
5.810700000000000000e+04 1.666666666666666574e-01
5.737900000000000000e+04 3.529411764705882582e-01
5.672000000000000000e+04 3.076923076923077094e-01
5.848800000000000000e+04 6.557377049180328210e-02
5.737700000000000000e+04 2.352941176470588203e-01
5.808800000000000000e+04 1.578947368421052544e-01
5.809000000000000000e+04 2.631578947368420907e-01
5.849500000000000000e+04 1.803278688524590223e-01
5.671700000000000000e+04 1.923076923076923184e-01
5.671400000000000000e+04 7.692307692307692735e-02
5.808900000000000000e+04 2.105263157894736725e-01
5.673500000000000000e+04 8.846153846153845812e-01
5.671500000000000000e+04 1.153846153846153910e-01
5.849100000000000000e+04 1.147540983606557402e-01
5.810100000000000000e+04 8.421052631578946901e-01
5.674500000000000000e+04 1.509433962264150886e-01
5.848700000000000000e+04 4.918032786885245811e-02
5.673400000000000000e+04 8.461538461538461453e-01
5.672200000000000000e+04 3.846153846153846367e-01
5.672500000000000000e+04 5.000000000000000000e-01
5.848600000000000000e+04 3.278688524590164105e-02
5.809500000000000000e+04 5.263157894736841813e-01
5.848900000000000000e+04 8.196721311475409222e-02
5.810600000000000000e+04 1.250000000000000000e-01
5.674400000000000000e+04 1.320754716981132060e-01
5.673000000000000000e+04 6.923076923076922906e-01
5.674300000000000000e+04 1.132075471698113234e-01
5.672300000000000000e+04 4.230769230769230727e-01
5.673200000000000000e+04 7.692307692307692735e-01
5.738000000000000000e+04 4.117647058823529216e-01
5.808700000000000000e+04 1.052631578947368363e-01
5.809100000000000000e+04 3.157894736842105088e-01
5.809600000000000000e+04 5.789473684210526550e-01
5.810300000000000000e+04 9.473684210526315264e-01
5.809400000000000000e+04 4.736842105263157632e-01
5.671800000000000000e+04 2.307692307692307820e-01
5.849300000000000000e+04 1.475409836065573743e-01
5.671600000000000000e+04 1.538461538461538547e-01
5.810900000000000000e+04 2.500000000000000000e-01
5.738100000000000000e+04 4.705882352941176405e-01
5.809300000000000000e+04 4.210526315789473450e-01
0.000000000000000000e+00 5.000000000000000000e-01
0.000000000000000000e+00 5.000000000000000000e-01
0.000000000000000000e+00 5.000000000000000000e-01
0.000000000000000000e+00 5.000000000000000000e-01
0.000000000000000000e+00 5.000000000000000000e-01
0.000000000000000000e+00 5.000000000000000000e-01
0.000000000000000000e+00 5.000000000000000000e-01
0.000000000000000000e+00 5.000000000000000000e-01
0.000000000000000000e+00 5.000000000000000000e-01
0.000000000000000000e+00 5.000000000000000000e-01
0.000000000000000000e+00 5.000000000000000000e-01
0.000000000000000000e+00 5.000000000000000000e-01
0.000000000000000000e+00 5.000000000000000000e-01
0.000000000000000000e+00 5.000000000000000000e-01
0.000000000000000000e+00 5.000000000000000000e-01
0.000000000000000000e+00 5.000000000000000000e-01
0.000000000000000000e+00 5.000000000000000000e-01
0.000000000000000000e+00 5.000000000000000000e-01
0.000000000000000000e+00 5.000000000000000000e-01
0.000000000000000000e+00 5.000000000000000000e-01
0.000000000000000000e+00 5.000000000000000000e-01
0.000000000000000000e+00 5.000000000000000000e-01
0.000000000000000000e+00 5.000000000000000000e-01
0.000000000000000000e+00 5.000000000000000000e-01
0.000000000000000000e+00 5.000000000000000000e-01
0.000000000000000000e+00 5.000000000000000000e-01
0.000000000000000000e+00 5.000000000000000000e-01
0.000000000000000000e+00 5.000000000000000000e-01
0.000000000000000000e+00 5.000000000000000000e-01
0.000000000000000000e+00 5.000000000000000000e-01
0.000000000000000000e+00 5.000000000000000000e-01
0.000000000000000000e+00 5.000000000000000000e-01
0.000000000000000000e+00 5.000000000000000000e-01
0.000000000000000000e+00 5.000000000000000000e-01
0.000000000000000000e+00 5.000000000000000000e-01
0.000000000000000000e+00 5.000000000000000000e-01
0.000000000000000000e+00 5.000000000000000000e-01
0.000000000000000000e+00 5.000000000000000000e-01
0.000000000000000000e+00 5.000000000000000000e-01
0.000000000000000000e+00 5.000000000000000000e-01
0.000000000000000000e+00 5.000000000000000000e-01
0.000000000000000000e+00 5.000000000000000000e-01
0.000000000000000000e+00 5.000000000000000000e-01
0.000000000000000000e+00 5.000000000000000000e-01
0.000000000000000000e+00 5.000000000000000000e-01
0.000000000000000000e+00 5.000000000000000000e-01
0.000000000000000000e+00 5.000000000000000000e-01
0.000000000000000000e+00 5.000000000000000000e-01
0.000000000000000000e+00 5.000000000000000000e-01
0.000000000000000000e+00 5.000000000000000000e-01
0.000000000000000000e+00 5.000000000000000000e-01
0.000000000000000000e+00 5.000000000000000000e-01
0.000000000000000000e+00 5.000000000000000000e-01
0.000000000000000000e+00 5.000000000000000000e-01
0.000000000000000000e+00 5.000000000000000000e-01
0.000000000000000000e+00 5.000000000000000000e-01
0.000000000000000000e+00 5.000000000000000000e-01
0.000000000000000000e+00 5.000000000000000000e-01
0.000000000000000000e+00 5.000000000000000000e-01
0.000000000000000000e+00 5.000000000000000000e-01
0.000000000000000000e+00 5.000000000000000000e-01
0.000000000000000000e+00 5.000000000000000000e-01
0.000000000000000000e+00 5.000000000000000000e-01
0.000000000000000000e+00 5.000000000000000000e-01
0.000000000000000000e+00 5.000000000000000000e-01
0.000000000000000000e+00 5.000000000000000000e-01
0.000000000000000000e+00 5.000000000000000000e-01
0.000000000000000000e+00 5.000000000000000000e-01
0.000000000000000000e+00 5.000000000000000000e-01
0.000000000000000000e+00 5.000000000000000000e-01
0.000000000000000000e+00 5.000000000000000000e-01
0.000000000000000000e+00 5.000000000000000000e-01
0.000000000000000000e+00 5.000000000000000000e-01
0.000000000000000000e+00 5.000000000000000000e-01
0.000000000000000000e+00 5.000000000000000000e-01
0.000000000000000000e+00 5.000000000000000000e-01
0.000000000000000000e+00 5.000000000000000000e-01
0.000000000000000000e+00 5.000000000000000000e-01
0.000000000000000000e+00 5.000000000000000000e-01
0.000000000000000000e+00 5.000000000000000000e-01
0.000000000000000000e+00 5.000000000000000000e-01
0.000000000000000000e+00 5.000000000000000000e-01
0.000000000000000000e+00 5.000000000000000000e-01
0.000000000000000000e+00 5.000000000000000000e-01
0.000000000000000000e+00 5.000000000000000000e-01
0.000000000000000000e+00 5.000000000000000000e-01
0.000000000000000000e+00 5.000000000000000000e-01
0.000000000000000000e+00 5.000000000000000000e-01
0.000000000000000000e+00 5.000000000000000000e-01
0.000000000000000000e+00 5.000000000000000000e-01
0.000000000000000000e+00 5.000000000000000000e-01
0.000000000000000000e+00 5.000000000000000000e-01
0.000000000000000000e+00 5.000000000000000000e-01
0.000000000000000000e+00 5.000000000000000000e-01
0.000000000000000000e+00 5.000000000000000000e-01
0.000000000000000000e+00 5.000000000000000000e-01
0.000000000000000000e+00 5.000000000000000000e-01
0.000000000000000000e+00 5.000000000000000000e-01
0.000000000000000000e+00 5.000000000000000000e-01
0.000000000000000000e+00 5.000000000000000000e-01
