2.715400000000000000e+04 3.181818181818181768e-01
2.717500000000000000e+04 7.777777777777777901e-01
2.704300000000000000e+04 5.135135135135134865e-01
2.717600000000000000e+04 8.888888888888888395e-01
2.709600000000000000e+04 5.263157894736841813e-02
2.707600000000000000e+04 3.750000000000000000e-01
2.715100000000000000e+04 1.818181818181818232e-01
2.717300000000000000e+04 5.555555555555555802e-01
2.708400000000000000e+04 5.000000000000000000e-01
2.702100000000000000e+04 3.333333333333333148e-01
2.717700000000000000e+04 2.000000000000000111e-01
2.718000000000000000e+04 8.000000000000000444e-01
2.704900000000000000e+04 6.756756756756756577e-01
2.709300000000000000e+04 7.500000000000000000e-01
2.704700000000000000e+04 6.216216216216216006e-01
2.705200000000000000e+04 7.567567567567567988e-01
2.706800000000000000e+04 4.000000000000000222e-01
2.702300000000000000e+04 6.666666666666666297e-01
2.707000000000000000e+04 5.999999999999999778e-01
2.704500000000000000e+04 5.675675675675675436e-01
2.714900000000000000e+04 9.090909090909091161e-02
2.706500000000000000e+04 1.000000000000000056e-01
2.709800000000000000e+04 1.578947368421052544e-01
2.704000000000000000e+04 4.324324324324324564e-01
2.715900000000000000e+04 5.454545454545454142e-01
2.706200000000000000e+04 4.000000000000000222e-01
2.717900000000000000e+04 5.999999999999999778e-01
2.708300000000000000e+04 3.750000000000000000e-01
2.708900000000000000e+04 2.500000000000000000e-01
2.706300000000000000e+04 5.999999999999999778e-01
2.702800000000000000e+04 1.081081081081081141e-01
2.706700000000000000e+04 2.999999999999999889e-01
2.715700000000000000e+04 4.545454545454545303e-01
2.715500000000000000e+04 3.636363636363636465e-01
2.708600000000000000e+04 7.500000000000000000e-01
2.717000000000000000e+04 2.222222222222222099e-01
2.708100000000000000e+04 1.250000000000000000e-01
2.708700000000000000e+04 8.750000000000000000e-01
2.715800000000000000e+04 5.000000000000000000e-01
2.703000000000000000e+04 1.621621621621621712e-01
2.717400000000000000e+04 6.666666666666666297e-01
2.704800000000000000e+04 6.486486486486486847e-01
2.703200000000000000e+04 2.162162162162162282e-01
2.716900000000000000e+04 1.111111111111111049e-01
2.717200000000000000e+04 4.444444444444444198e-01
2.703100000000000000e+04 1.891891891891891997e-01
2.705000000000000000e+04 7.027027027027027417e-01
2.707400000000000000e+04 1.250000000000000000e-01
2.718100000000000000e+04 5.000000000000000000e-01
2.706600000000000000e+04 2.000000000000000111e-01
2.703600000000000000e+04 3.243243243243243423e-01
2.707500000000000000e+04 2.500000000000000000e-01
2.714600000000000000e+04 5.000000000000000000e-01
2.706900000000000000e+04 5.000000000000000000e-01
2.714800000000000000e+04 4.545454545454545581e-02
2.716000000000000000e+04 5.909090909090909394e-01
2.704200000000000000e+04 4.864864864864865135e-01
2.714400000000000000e+04 5.000000000000000000e-01
2.709400000000000000e+04 8.750000000000000000e-01
2.704400000000000000e+04 5.405405405405405705e-01
2.704100000000000000e+04 4.594594594594594850e-01
2.703500000000000000e+04 2.972972972972973138e-01
2.702000000000000000e+04 1.666666666666666574e-01
2.706400000000000000e+04 8.000000000000000444e-01
2.708200000000000000e+04 2.500000000000000000e-01
2.707100000000000000e+04 6.999999999999999556e-01
2.708000000000000000e+04 8.750000000000000000e-01
2.709100000000000000e+04 5.000000000000000000e-01
2.717100000000000000e+04 3.333333333333333148e-01
2.702400000000000000e+04 8.333333333333333703e-01
2.708500000000000000e+04 6.250000000000000000e-01
2.704600000000000000e+04 5.945945945945946276e-01
2.709900000000000000e+04 2.105263157894736725e-01
2.710000000000000000e+04 2.631578947368420907e-01
2.703300000000000000e+04 2.432432432432432567e-01
2.703700000000000000e+04 3.513513513513513709e-01
2.707700000000000000e+04 5.000000000000000000e-01
2.705100000000000000e+04 7.297297297297297147e-01
2.710100000000000000e+04 3.157894736842105088e-01
2.702600000000000000e+04 5.405405405405405705e-02
2.702900000000000000e+04 1.351351351351351426e-01
2.702700000000000000e+04 8.108108108108108558e-02
2.717800000000000000e+04 4.000000000000000222e-01
2.714700000000000000e+04 7.500000000000000000e-01
2.702500000000000000e+04 2.702702702702702853e-02
2.709700000000000000e+04 1.052631578947368363e-01
2.706100000000000000e+04 2.000000000000000111e-01
2.715600000000000000e+04 4.090909090909091161e-01
2.715300000000000000e+04 2.727272727272727071e-01
2.702200000000000000e+04 5.000000000000000000e-01
2.715000000000000000e+04 1.363636363636363535e-01
2.709000000000000000e+04 3.750000000000000000e-01
2.709500000000000000e+04 5.000000000000000000e-01
2.714500000000000000e+04 2.500000000000000000e-01
2.703400000000000000e+04 2.702702702702702853e-01
2.708800000000000000e+04 1.250000000000000000e-01
2.703900000000000000e+04 4.054054054054054279e-01
2.707300000000000000e+04 9.000000000000000222e-01
2.707200000000000000e+04 8.000000000000000444e-01
2.707900000000000000e+04 7.500000000000000000e-01
2.719700000000000000e+04 1.927710843373494076e-01
2.743500000000000000e+04 3.333333333333333148e-01
2.703200000000000000e+04 2.162162162162162282e-01
2.707300000000000000e+04 9.000000000000000222e-01
2.708900000000000000e+04 2.500000000000000000e-01
2.719100000000000000e+04 1.204819277108433728e-01
2.815200000000000000e+04 2.424242424242424310e-01
2.718700000000000000e+04 7.228915662650602092e-02
2.719500000000000000e+04 1.686746987951807109e-01
2.709600000000000000e+04 5.263157894736841813e-02
2.815400000000000000e+04 3.030303030303030387e-01
2.707500000000000000e+04 2.500000000000000000e-01
2.707700000000000000e+04 5.000000000000000000e-01
2.709500000000000000e+04 5.000000000000000000e-01
2.706200000000000000e+04 4.000000000000000222e-01
2.715000000000000000e+04 1.363636363636363535e-01
2.744100000000000000e+04 1.851851851851851749e-02
2.718100000000000000e+04 5.000000000000000000e-01
2.742400000000000000e+04 3.076923076923077094e-01
2.708600000000000000e+04 7.500000000000000000e-01
2.715800000000000000e+04 5.000000000000000000e-01
2.814900000000000000e+04 1.515151515151515194e-01
2.704400000000000000e+04 5.405405405405405705e-01
2.717400000000000000e+04 6.666666666666666297e-01
2.708000000000000000e+04 8.750000000000000000e-01
2.715600000000000000e+04 4.090909090909091161e-01
2.743400000000000000e+04 2.222222222222222099e-01
2.743800000000000000e+04 6.666666666666666297e-01
2.742500000000000000e+04 3.846153846153846367e-01
2.742800000000000000e+04 6.153846153846154188e-01
2.707200000000000000e+04 8.000000000000000444e-01
2.743700000000000000e+04 5.555555555555555802e-01
2.704200000000000000e+04 4.864864864864865135e-01
2.743200000000000000e+04 9.230769230769231282e-01
2.715400000000000000e+04 3.181818181818181768e-01
2.705200000000000000e+04 7.567567567567567988e-01
2.708300000000000000e+04 3.750000000000000000e-01
2.704800000000000000e+04 6.486486486486486847e-01
2.703800000000000000e+04 3.783783783783783994e-01
2.709000000000000000e+04 3.750000000000000000e-01
2.742100000000000000e+04 7.692307692307692735e-02
2.706900000000000000e+04 5.000000000000000000e-01
2.715900000000000000e+04 5.454545454545454142e-01
2.704100000000000000e+04 4.594594594594594850e-01
2.717600000000000000e+04 8.888888888888888395e-01
2.703700000000000000e+04 3.513513513513513709e-01
2.717000000000000000e+04 2.222222222222222099e-01
2.703000000000000000e+04 1.621621621621621712e-01
2.703300000000000000e+04 2.432432432432432567e-01
2.742300000000000000e+04 2.307692307692307820e-01
2.709100000000000000e+04 5.000000000000000000e-01
2.743600000000000000e+04 4.444444444444444198e-01
2.814500000000000000e+04 3.030303030303030387e-02
2.718800000000000000e+04 8.433734939759035543e-02
2.706100000000000000e+04 2.000000000000000111e-01
2.720200000000000000e+04 2.530120481927710663e-01
2.702000000000000000e+04 1.666666666666666574e-01
2.719600000000000000e+04 1.807228915662650592e-01
2.709200000000000000e+04 6.250000000000000000e-01
2.743300000000000000e+04 1.111111111111111049e-01
2.706300000000000000e+04 5.999999999999999778e-01
2.707000000000000000e+04 5.999999999999999778e-01
2.715300000000000000e+04 2.727272727272727071e-01
2.743900000000000000e+04 7.777777777777777901e-01
2.815500000000000000e+04 3.333333333333333148e-01
2.702500000000000000e+04 2.702702702702702853e-02
2.702800000000000000e+04 1.081081081081081141e-01
2.714900000000000000e+04 9.090909090909091161e-02
2.720800000000000000e+04 3.253012048192771011e-01
2.720700000000000000e+04 3.132530120481927804e-01
2.717100000000000000e+04 3.333333333333333148e-01
2.709300000000000000e+04 7.500000000000000000e-01
2.702700000000000000e+04 8.108108108108108558e-02
2.719300000000000000e+04 1.445783132530120418e-01
2.717900000000000000e+04 5.999999999999999778e-01
2.708800000000000000e+04 1.250000000000000000e-01
2.708100000000000000e+04 1.250000000000000000e-01
2.715700000000000000e+04 4.545454545454545303e-01
2.720400000000000000e+04 2.771084337349397630e-01
2.814600000000000000e+04 6.060606060606060774e-02
2.707800000000000000e+04 6.250000000000000000e-01
2.815300000000000000e+04 2.727272727272727071e-01
2.815600000000000000e+04 3.636363636363636465e-01
2.704500000000000000e+04 5.675675675675675436e-01
2.703600000000000000e+04 3.243243243243243423e-01
2.704900000000000000e+04 6.756756756756756577e-01
2.742200000000000000e+04 1.538461538461538547e-01
2.815100000000000000e+04 2.121212121212121271e-01
2.706500000000000000e+04 1.000000000000000056e-01
2.709400000000000000e+04 8.750000000000000000e-01
2.715100000000000000e+04 1.818181818181818232e-01
2.714500000000000000e+04 2.500000000000000000e-01
2.702200000000000000e+04 5.000000000000000000e-01
2.706700000000000000e+04 2.999999999999999889e-01
2.717200000000000000e+04 4.444444444444444198e-01
2.717700000000000000e+04 2.000000000000000111e-01
2.708700000000000000e+04 8.750000000000000000e-01
2.703400000000000000e+04 2.702702702702702853e-01
2.743000000000000000e+04 7.692307692307692735e-01
2.706600000000000000e+04 2.000000000000000111e-01
0.000000000000000000e+00 5.000000000000000000e-01
0.000000000000000000e+00 5.000000000000000000e-01
0.000000000000000000e+00 5.000000000000000000e-01
0.000000000000000000e+00 5.000000000000000000e-01
0.000000000000000000e+00 5.000000000000000000e-01
0.000000000000000000e+00 5.000000000000000000e-01
0.000000000000000000e+00 5.000000000000000000e-01
0.000000000000000000e+00 5.000000000000000000e-01
0.000000000000000000e+00 5.000000000000000000e-01
0.000000000000000000e+00 5.000000000000000000e-01
0.000000000000000000e+00 5.000000000000000000e-01
0.000000000000000000e+00 5.000000000000000000e-01
0.000000000000000000e+00 5.000000000000000000e-01
0.000000000000000000e+00 5.000000000000000000e-01
0.000000000000000000e+00 5.000000000000000000e-01
0.000000000000000000e+00 5.000000000000000000e-01
0.000000000000000000e+00 5.000000000000000000e-01
0.000000000000000000e+00 5.000000000000000000e-01
0.000000000000000000e+00 5.000000000000000000e-01
0.000000000000000000e+00 5.000000000000000000e-01
0.000000000000000000e+00 5.000000000000000000e-01
0.000000000000000000e+00 5.000000000000000000e-01
0.000000000000000000e+00 5.000000000000000000e-01
0.000000000000000000e+00 5.000000000000000000e-01
0.000000000000000000e+00 5.000000000000000000e-01
0.000000000000000000e+00 5.000000000000000000e-01
0.000000000000000000e+00 5.000000000000000000e-01
0.000000000000000000e+00 5.000000000000000000e-01
0.000000000000000000e+00 5.000000000000000000e-01
0.000000000000000000e+00 5.000000000000000000e-01
0.000000000000000000e+00 5.000000000000000000e-01
0.000000000000000000e+00 5.000000000000000000e-01
0.000000000000000000e+00 5.000000000000000000e-01
0.000000000000000000e+00 5.000000000000000000e-01
0.000000000000000000e+00 5.000000000000000000e-01
0.000000000000000000e+00 5.000000000000000000e-01
0.000000000000000000e+00 5.000000000000000000e-01
0.000000000000000000e+00 5.000000000000000000e-01
0.000000000000000000e+00 5.000000000000000000e-01
0.000000000000000000e+00 5.000000000000000000e-01
0.000000000000000000e+00 5.000000000000000000e-01
0.000000000000000000e+00 5.000000000000000000e-01
0.000000000000000000e+00 5.000000000000000000e-01
0.000000000000000000e+00 5.000000000000000000e-01
0.000000000000000000e+00 5.000000000000000000e-01
0.000000000000000000e+00 5.000000000000000000e-01
0.000000000000000000e+00 5.000000000000000000e-01
0.000000000000000000e+00 5.000000000000000000e-01
0.000000000000000000e+00 5.000000000000000000e-01
0.000000000000000000e+00 5.000000000000000000e-01
0.000000000000000000e+00 5.000000000000000000e-01
0.000000000000000000e+00 5.000000000000000000e-01
0.000000000000000000e+00 5.000000000000000000e-01
0.000000000000000000e+00 5.000000000000000000e-01
0.000000000000000000e+00 5.000000000000000000e-01
0.000000000000000000e+00 5.000000000000000000e-01
0.000000000000000000e+00 5.000000000000000000e-01
0.000000000000000000e+00 5.000000000000000000e-01
0.000000000000000000e+00 5.000000000000000000e-01
0.000000000000000000e+00 5.000000000000000000e-01
0.000000000000000000e+00 5.000000000000000000e-01
0.000000000000000000e+00 5.000000000000000000e-01
0.000000000000000000e+00 5.000000000000000000e-01
0.000000000000000000e+00 5.000000000000000000e-01
0.000000000000000000e+00 5.000000000000000000e-01
0.000000000000000000e+00 5.000000000000000000e-01
0.000000000000000000e+00 5.000000000000000000e-01
0.000000000000000000e+00 5.000000000000000000e-01
0.000000000000000000e+00 5.000000000000000000e-01
0.000000000000000000e+00 5.000000000000000000e-01
0.000000000000000000e+00 5.000000000000000000e-01
0.000000000000000000e+00 5.000000000000000000e-01
0.000000000000000000e+00 5.000000000000000000e-01
0.000000000000000000e+00 5.000000000000000000e-01
0.000000000000000000e+00 5.000000000000000000e-01
0.000000000000000000e+00 5.000000000000000000e-01
0.000000000000000000e+00 5.000000000000000000e-01
0.000000000000000000e+00 5.000000000000000000e-01
0.000000000000000000e+00 5.000000000000000000e-01
0.000000000000000000e+00 5.000000000000000000e-01
0.000000000000000000e+00 5.000000000000000000e-01
0.000000000000000000e+00 5.000000000000000000e-01
0.000000000000000000e+00 5.000000000000000000e-01
0.000000000000000000e+00 5.000000000000000000e-01
0.000000000000000000e+00 5.000000000000000000e-01
0.000000000000000000e+00 5.000000000000000000e-01
0.000000000000000000e+00 5.000000000000000000e-01
0.000000000000000000e+00 5.000000000000000000e-01
0.000000000000000000e+00 5.000000000000000000e-01
0.000000000000000000e+00 5.000000000000000000e-01
0.000000000000000000e+00 5.000000000000000000e-01
0.000000000000000000e+00 5.000000000000000000e-01
0.000000000000000000e+00 5.000000000000000000e-01
0.000000000000000000e+00 5.000000000000000000e-01
0.000000000000000000e+00 5.000000000000000000e-01
0.000000000000000000e+00 5.000000000000000000e-01
0.000000000000000000e+00 5.000000000000000000e-01
0.000000000000000000e+00 5.000000000000000000e-01
0.000000000000000000e+00 5.000000000000000000e-01
0.000000000000000000e+00 5.000000000000000000e-01
